BloodImage_00000.jpg; 0 389 90 480,208 365 336 480,85 353 161 428,0 192 41 266,55 147 267 359,167 52 314 199,309 38 640 480,0 25 110 153,387 12 506 131,535 0 611 48,222 0 365 71,
BloodImage_00001.jpg; 0 377 58 472,273 350 407 480,422 281 534 393,503 229 640 405,0 211 131 366,423 128 599 304,167 47 426 306,234 46 396 208,0 47 101 186,542 28 640 131,452 0 561 73,300 0 393 73,136 0 270 120,
BloodImage_00002.jpg; 259 397 367 480,486 381 599 480,0 358 92 470,532 301 640 453,309 272 524 480,56 277 250 472,489 241 602 353,181 153 383 356,527 106 640 250,383 95 507 218,225 0 395 162,0 11 177 350,91 5 244 158,402 0 505 88,572 0 640 75,
BloodImage_00003.jpg; 347 395 465 480,495 368 614 480,0 142 409 480,312 53 618 359,150 49 321 221,500 0 613 95,0 0 181 212,
BloodImage_00004.jpg; 481 368 598 480,255 315 453 480,0 203 158 384,592 188 640 281,310 40 589 319,433 0 639 173,216 0 392 96,0 0 128 195,
BloodImage_00005.jpg; 441 355 561 474,184 326 260 401,60 309 243 480,0 294 50 395,0 187 46 251,388 155 533 300,55 135 311 391,289 129 370 210,66 113 146 193,532 85 640 199,0 80 63 160,410 53 513 156,420 0 522 52,184 0 353 142,0 0 165 119,
BloodImage_00006.jpg; 0 381 90 480,550 385 640 480,86 366 202 480,357 333 479 455,429 337 577 480,248 301 377 430,600 284 640 359,74 134 281 341,0 60 151 280,157 39 338 220,312 0 640 334,101 0 182 45,
BloodImage_00007.jpg; 488 314 640 478,6 302 190 480,165 276 291 402,504 149 640 298,205 97 541 434,0 0 325 353,515 18 640 148,271 0 384 87,
BloodImage_00008.jpg; 252 396 364 480,0 367 143 480,265 302 369 407,407 237 640 480,387 234 537 385,0 175 79 282,232 142 307 218,520 109 623 211,448 0 550 76,228 0 439 198,0 0 76 70,
BloodImage_00009.jpg; 290 427 358 480,384 373 448 438,581 342 640 443,457 327 561 431,313 330 416 433,0 229 88 372,316 186 451 322,0 193 294 480,452 85 640 284,46 102 115 171,264 82 418 236,541 23 640 139,445 0 549 79,297 0 382 62,173 0 319 142,119 0 189 65,0 0 109 87,
BloodImage_00010.jpg; 0 410 107 480,292 358 432 480,502 244 640 427,21 232 202 414,177 229 272 324,281 174 367 259,573 172 640 246,411 87 482 158,276 68 395 187,581 86 640 153,481 67 616 202,449 0 515 64,326 0 416 65,0 0 172 256,
BloodImage_00011.jpg; 8 410 106 480,33 314 112 392,256 247 507 480,493 244 621 373,114 213 327 426,128 162 227 260,176 123 273 220,454 109 640 323,584 51 640 156,221 0 436 203,0 0 214 214,512 0 596 42,
BloodImage_00012.jpg; 332 413 402 480,129 394 236 480,0 404 42 473,22 334 116 428,466 317 640 480,242 290 381 428,51 210 195 354,484 206 640 371,50 205 122 277,346 153 500 306,0 120 59 210,490 2 640 199,532 0 606 60,104 0 464 184,
BloodImage_00013.jpg; 91 442 164 480,373 382 539 480,205 373 314 480,0 363 65 464,576 307 640 390,268 297 356 384,54 234 200 380,396 216 609 430,366 92 491 218,477 68 640 247,299 0 434 120,5 0 297 239,
BloodImage_00014.jpg; 228 393 326 480,93 334 199 440,436 324 528 417,366 321 429 384,491 299 640 453,249 226 367 344,405 217 504 316,164 153 238 228,499 134 640 320,0 3 187 242,214 0 421 200,450 0 598 132,576 0 640 53,
BloodImage_00015.jpg; 0 410 106 480,437 331 640 480,0 178 272 451,249 203 343 297,339 155 483 299,572 141 640 236,5 131 95 221,437 98 534 194,68 69 178 179,552 47 639 133,177 20 355 198,435 0 527 68,0 0 96 84,
BloodImage_00016.jpg; 132 358 212 437,216 346 344 474,397 243 640 480,0 229 126 415,74 157 292 375,189 116 287 214,302 138 465 300,171 130 304 262,439 0 640 186,0 0 104 111,
BloodImage_00017.jpg; 145 408 203 465,242 406 303 466,309 349 441 480,412 311 555 453,598 295 640 372,0 235 153 425,145 222 313 390,597 137 640 195,418 85 640 326,0 114 40 194,405 89 492 176,210 23 374 187,501 0 639 116,378 0 483 82,166 0 272 81,54 0 143 58,
BloodImage_00018.jpg; 419 422 498 480,575 367 640 469,546 293 615 362,311 235 498 422,468 224 559 315,135 201 287 354,0 197 259 480,312 169 390 248,385 83 566 264,175 89 289 203,143 31 226 114,332 1 468 137,237 0 314 41,0 0 131 167,
BloodImage_00019.jpg; 423 295 608 480,0 306 122 480,116 288 280 453,469 182 637 349,39 184 121 266,304 138 478 312,0 136 55 240,128 113 275 259,512 31 628 146,94 0 216 96,11 0 93 50,
BloodImage_00020.jpg; 82 359 230 480,448 369 575 480,360 347 461 448,0 317 52 408,43 282 131 370,455 213 623 380,90 191 182 282,145 119 396 370,416 0 603 180,0 7 141 228,472 0 588 62,106 0 274 155,
BloodImage_00021.jpg; 582 371 640 479,245 357 357 469,103 351 203 451,290 119 470 299,529 99 640 210,0 0 221 219,0 0 381 404,
BloodImage_00022.jpg; 74 435 143 480,577 386 640 473,395 368 518 480,0 338 106 480,0 224 41 282,7 163 135 291,439 63 632 256,0 13 106 147,590 0 640 68,263 0 503 231,205 0 281 38,
BloodImage_00023.jpg; 73 417 166 480,454 402 562 480,315 370 415 470,502 271 640 460,322 253 411 342,161 236 294 369,0 164 178 403,524 157 620 253,282 124 386 228,414 98 498 182,0 83 38 156,119 56 259 197,500 0 640 154,279 0 463 157,0 0 63 65,
BloodImage_00024.jpg; 383 443 455 480,33 304 142 413,0 241 93 389,101 203 242 343,360 125 640 468,185 123 378 316,95 100 189 194,403 97 518 212,514 0 640 98,325 0 462 102,
BloodImage_00026.jpg; 386 424 484 480,0 404 52 480,92 356 224 480,318 360 423 464,216 306 330 420,0 254 71 375,440 189 597 345,285 200 402 317,0 130 74 239,458 109 560 210,292 83 490 282,23 65 220 262,543 0 640 107,398 0 558 102,303 0 421 112,169 0 272 93,
BloodImage_00028.jpg; 144 416 234 480,346 396 434 480,569 382 640 470,275 320 393 438,0 291 104 398,404 231 640 480,436 165 555 283,0 142 83 264,69 132 267 331,450 0 640 206,262 0 418 146,184 0 253 47,0 0 79 82,
BloodImage_00029.jpg; 495 385 631 480,276 381 361 466,402 363 496 457,0 289 149 480,578 260 640 361,121 198 357 435,84 187 203 306,0 91 125 262,366 16 627 278,76 25 199 147,435 0 582 115,165 0 368 192,
BloodImage_00030.jpg; 124 438 193 480,346 419 433 480,464 326 640 480,497 314 573 390,3 203 128 328,490 177 640 347,448 201 539 291,165 104 246 184,186 99 450 362,0 66 80 173,452 9 627 184,77 0 280 123,
BloodImage_00031.jpg; 535 409 614 480,61 306 248 480,409 229 502 322,516 178 640 341,0 165 172 368,144 164 248 268,212 144 457 389,536 61 640 171,469 0 581 68,321 0 451 77,0 0 153 178,
BloodImage_00032.jpg; 586 421 640 480,470 414 575 480,347 372 445 470,0 369 92 480,78 297 222 441,362 247 532 418,0 193 144 346,524 198 640 347,0 108 67 214,580 94 640 159,356 80 609 333,305 78 387 160,145 27 309 192,466 0 586 66,63 0 190 97,
BloodImage_00033.jpg; 170 429 252 480,338 331 531 480,191 231 389 430,425 224 539 338,136 122 272 257,548 28 640 134,250 0 467 195,412 0 522 76,25 0 164 120,
BloodImage_00034.jpg; 3 355 165 480,99 321 185 407,545 312 640 452,378 192 538 353,92 136 372 416,247 0 608 276,89 0 256 121,0 0 98 119,
BloodImage_00035.jpg; 304 407 391 480,394 177 640 443,0 115 281 455,390 0 640 227,266 0 498 210,0 0 188 96,
BloodImage_00036.jpg; 483 432 569 480,85 388 194 480,0 277 69 352,115 256 272 413,462 238 640 443,396 178 489 271,180 103 314 236,482 98 585 202,323 0 477 151,593 0 640 56,478 0 544 57,308 0 395 48,207 0 292 45,0 0 234 243,0 0 86 81,
BloodImage_00037.jpg; 479 324 640 480,0 287 201 480,428 312 528 411,361 138 550 327,6 105 278 377,525 143 640 286,481 21 591 131,368 0 529 124,95 0 375 258,
BloodImage_00038.jpg; 345 440 417 480,486 327 640 480,0 310 195 480,431 311 534 414,367 135 554 321,13 111 277 374,533 145 640 281,197 105 343 250,486 23 592 129,372 0 519 116,230 0 354 111,129 0 256 97,46 0 124 70,
BloodImage_00039.jpg; 435 394 570 480,0 304 223 480,125 222 238 335,403 137 588 322,19 58 132 171,449 0 640 113,283 0 463 131,97 0 268 161,
BloodImage_00040.jpg; 86 420 176 480,402 413 513 480,455 312 640 480,291 322 452 480,550 230 640 338,49 192 206 349,506 84 632 209,553 0 640 80,0 0 214 232,
BloodImage_00041.jpg; 58 391 176 480,265 377 387 480,280 235 406 361,366 190 626 450,391 0 570 159,580 0 640 84,17 0 378 318,0 0 90 114,
BloodImage_00042.jpg; 0 435 86 480,285 400 385 480,451 365 612 480,104 375 257 480,145 203 261 319,339 197 479 337,512 0 640 187,254 0 388 97,
BloodImage_00043.jpg; 90 417 178 480,213 406 301 480,142 362 231 452,0 310 110 432,64 193 219 347,423 194 640 480,287 153 517 383,0 123 89 232,91 108 202 218,538 15 640 157,312 0 604 260,115 0 238 68,0 0 91 92,
BloodImage_00044.jpg; 529 429 613 480,295 408 387 480,99 376 196 472,424 295 539 410,0 310 73 422,579 282 640 374,0 241 49 305,78 172 143 237,423 64 506 147,0 47 112 167,176 13 414 251,422 0 640 264,
BloodImage_00045.jpg; 249 367 339 457,0 316 166 480,580 345 640 444,182 273 282 372,355 214 621 480,381 76 530 225,495 25 626 155,0 0 422 320,
BloodImage_00046.jpg; 507 400 632 480,16 424 92 480,0 343 51 425,73 233 377 480,258 144 343 230,337 92 640 423,0 92 77 211,591 85 640 177,329 0 431 88,107 0 231 119,6 0 99 78,
BloodImage_00047.jpg; 175 438 252 480,346 383 467 480,206 309 303 406,37 110 146 218,184 23 595 434,497 0 640 108,455 0 539 54,122 0 297 129,0 0 106 107,
BloodImage_00048.jpg; 152 427 253 480,59 420 145 480,94 342 178 427,162 280 273 392,348 190 640 480,209 166 331 288,0 123 188 338,538 0 640 134,217 0 542 223,0 0 176 142,
BloodImage_00049.jpg; 0 335 88 480,556 309 640 431,166 250 271 355,241 174 509 442,0 133 89 241,502 98 588 185,
BloodImage_00050.jpg; 0 418 83 480,524 317 640 451,281 275 534 480,333 255 421 344,93 220 371 480,581 193 640 288,446 46 595 196,185 8 470 294,0 18 139 186,182 0 299 104,
BloodImage_00052.jpg; 272 307 538 480,0 301 175 480,428 236 532 340,122 239 242 359,0 201 106 330,462 210 640 452,352 155 440 242,183 76 340 234,0 45 138 193,342 74 417 148,515 59 596 140,563 0 640 61,442 0 509 42,177 0 244 51,40 0 135 68,
BloodImage_00053.jpg; 441 345 640 480,96 317 305 480,261 317 374 430,0 219 201 480,498 119 640 280,319 110 612 403,0 67 116 203,118 25 228 135,564 0 640 73,410 0 541 119,71 0 176 65,
BloodImage_00054.jpg; 450 408 559 480,47 286 253 480,240 334 385 479,556 317 640 450,158 107 392 341,410 112 505 207,436 108 640 365,162 68 250 156,463 24 544 106,270 0 348 59,0 0 252 311,
BloodImage_00055.jpg; 215 391 357 480,535 311 640 431,594 233 640 312,0 161 56 248,322 117 612 408,169 152 256 240,0 26 62 152,515 0 640 126,225 0 427 138,
BloodImage_00056.jpg; 18 428 78 480,50 376 112 438,348 363 494 480,511 328 640 480,282 238 389 345,47 17 153 124,395 0 613 206,
BloodImage_00057.jpg; 0 350 64 470,417 254 581 418,152 19 547 415,426 0 640 319,167 0 268 58,0 0 95 67,
BloodImage_00058.jpg; 0 272 264 480,429 281 640 480,0 259 78 349,0 9 335 352,537 32 640 189,222 9 328 115,460 0 640 175,152 0 246 61,
BloodImage_00059.jpg; 200 435 285 480,126 375 213 461,547 351 640 470,266 259 382 375,39 193 297 451,216 177 324 286,162 0 315 147,0 19 50 102,534 0 640 72,251 0 640 331,9 0 182 164,
BloodImage_00062.jpg; 343 437 426 480,108 407 223 480,0 354 71 472,38 339 122 423,370 247 552 430,106 268 230 392,27 185 167 325,149 155 246 252,406 148 520 263,0 148 68 238,448 56 640 312,0 23 66 109,364 15 465 116,428 0 557 91,192 0 353 115,70 0 191 102,
BloodImage_00063.jpg; 0 400 131 480,486 400 615 480,350 383 425 458,146 375 259 480,590 370 640 447,377 309 482 414,281 301 371 392,552 245 640 332,16 190 117 292,581 124 640 203,491 0 616 123,196 0 534 332,29 0 290 192,
BloodImage_00064.jpg; 439 392 578 480,0 353 149 480,244 236 441 433,144 221 265 342,467 214 640 397,0 200 65 291,50 138 156 243,268 0 537 238,147 0 300 142,0 0 136 111,
BloodImage_00065.jpg; 262 408 374 480,356 328 536 480,0 322 158 480,562 157 640 262,417 121 527 230,41 100 177 235,83 0 363 252,0 0 105 110,
BloodImage_00066.jpg; 132 422 218 480,506 337 640 480,214 283 477 480,447 202 567 322,0 108 178 293,455 0 640 178,0 0 186 140,
BloodImage_00067.jpg; 448 426 518 480,106 349 245 480,525 341 640 480,0 336 111 480,515 242 595 321,0 164 60 259,6 127 218 340,146 82 277 213,482 57 640 231,210 44 521 356,600 0 640 69,292 0 411 85,0 0 116 107,
BloodImage_00068.jpg; 199 405 299 480,37 387 170 480,584 296 640 401,352 265 587 480,0 236 86 339,485 226 593 335,62 118 387 443,392 153 478 238,241 31 336 126,459 0 640 132,
BloodImage_00069.jpg; 217 397 332 480,422 291 640 480,354 261 471 378,0 243 159 452,128 166 334 372,328 134 429 236,471 122 635 286,283 57 380 154,293 0 576 181,164 0 268 74,0 0 75 146,
BloodImage_00070.jpg; 150 390 218 458,0 365 116 480,518 355 640 480,385 355 462 432,452 334 574 456,306 108 635 436,0 83 234 334,167 87 279 199,89 1 198 111,202 0 282 62,0 0 91 73,
BloodImage_00071.jpg; 318 374 413 470,524 232 640 355,330 208 498 376,571 101 640 214,36 53 416 433,512 30 592 110,284 0 376 72,46 0 225 106,
BloodImage_00072.jpg; 0 293 178 480,202 298 304 400,0 120 206 333,208 0 640 390,0 0 154 131,
BloodImage_00073.jpg; 554 426 639 480,278 395 374 480,514 210 640 430,303 93 535 324,0 89 340 480,219 52 336 170,495 0 575 61,32 0 151 91,
BloodImage_00074.jpg; 0 381 93 480,338 312 551 480,309 170 514 376,0 26 322 363,410 4 640 373,0 6 120 130,
BloodImage_00075.jpg; 15 411 111 480,167 403 246 480,395 333 555 480,218 310 434 480,0 314 43 396,460 191 640 376,225 167 398 340,12 144 120 252,65 52 278 266,0 58 54 122,179 0 313 120,547 0 640 74,459 0 546 65,78 0 163 66,
BloodImage_00076.jpg; 530 375 640 480,193 358 313 478,81 357 211 480,336 297 514 475,0 319 92 444,107 240 208 341,545 192 638 286,178 122 276 220,264 0 640 299,0 0 256 288,
BloodImage_00077.jpg; 0 385 81 480,395 328 595 480,0 312 42 375,531 287 640 412,254 211 340 298,6 164 90 249,151 99 282 229,381 19 640 297,293 66 464 236,596 9 640 77,364 0 504 92,237 0 312 37,
BloodImage_00078.jpg; 319 354 489 480,377 252 531 406,445 105 639 300,429 60 558 189,186 59 497 370,0 0 162 145,225 0 308 57,469 0 598 93,
BloodImage_00079.jpg; 0 430 70 480,567 388 640 480,4 335 93 423,70 304 264 480,308 247 552 480,153 254 268 369,457 214 576 332,0 201 100 310,85 87 213 214,222 0 578 350,471 0 570 68,363 0 436 66,250 0 342 46,0 0 93 127,
BloodImage_00081.jpg; 0 402 89 480,314 345 428 458,132 313 310 480,0 291 109 420,259 276 333 350,583 269 640 353,368 201 440 273,572 99 640 184,297 65 407 175,390 0 605 192,80 0 200 109,
BloodImage_00082.jpg; 266 351 366 452,434 310 605 480,572 247 640 354,211 198 390 377,0 131 268 480,411 74 640 331,0 7 105 152,108 0 373 220,
BloodImage_00083.jpg; 356 361 572 480,0 371 132 480,534 277 622 365,103 250 261 407,0 188 113 354,0 123 44 204,0 4 98 122,207 0 640 336,110 0 212 99,
BloodImage_00086.jpg; 551 138 640 307,0 0 513 480,
BloodImage_00087.jpg; 271 363 465 480,0 312 213 480,191 220 295 323,322 187 450 314,125 0 585 315,
BloodImage_00088.jpg; 338 359 538 480,250 237 365 351,0 115 336 480,0 75 123 239,180 0 470 263,381 0 640 216,62 0 202 89,
BloodImage_00089.jpg; 90 416 195 480,323 412 430 480,488 397 606 480,300 233 444 376,0 185 155 430,214 101 357 243,387 65 640 372,0 0 313 230,
BloodImage_00090.jpg; 35 402 162 480,396 322 568 480,254 266 363 375,0 156 257 440,249 134 353 238,22 1 219 197,410 0 640 331,359 0 478 65,245 0 326 75,48 0 148 51,
BloodImage_00091.jpg; 0 326 222 480,270 286 459 475,0 278 69 374,190 0 640 356,0 0 117 184,
BloodImage_00092.jpg; 295 379 427 480,0 388 65 479,560 307 640 446,20 292 99 371,218 157 419 357,468 130 640 301,298 57 396 155,538 0 640 104,197 0 347 130,0 0 211 268,
BloodImage_00093.jpg; 0 336 95 463,293 315 471 480,585 275 640 359,457 212 563 318,0 122 110 320,73 104 443 474,532 0 640 147,367 0 475 99,16 0 129 99,
BloodImage_00094.jpg; 461 422 567 480,11 344 114 447,175 310 320 455,359 328 457 425,27 238 152 363,100 126 257 284,0 80 94 192,266 57 349 141,77 10 227 159,266 0 640 381,210 0 296 56,45 0 113 66,
BloodImage_00095.jpg; 106 411 223 480,0 405 67 480,522 365 640 480,359 359 486 480,261 339 365 442,151 295 268 412,0 294 55 356,524 260 625 361,380 259 452 330,14 211 110 307,556 185 640 275,478 95 640 257,53 57 246 251,129 10 232 114,415 0 510 68,249 0 433 179,195 0 290 79,38 0 105 62,
BloodImage_00096.jpg; 0 398 101 480,502 385 597 480,123 360 201 437,408 337 502 431,310 334 445 469,472 183 605 316,0 178 119 346,78 53 417 392,22 0 171 150,406 0 640 230,341 0 432 63,181 0 308 80,0 0 53 85,
BloodImage_00097.jpg; 41 415 153 480,210 380 299 469,573 340 640 449,421 279 571 430,225 265 378 418,0 245 148 404,102 186 255 338,562 178 640 269,60 136 161 238,0 127 56 210,203 90 284 170,0 52 57 133,486 20 615 150,353 0 463 90,97 0 328 160,
BloodImage_00098.jpg; 422 383 577 480,0 381 39 449,268 373 404 480,219 349 301 431,381 285 473 377,55 287 117 350,0 268 96 407,95 229 190 325,537 170 628 261,384 131 532 279,0 92 107 238,423 67 505 149,110 39 265 195,63 56 135 128,257 24 375 142,474 0 638 158,395 0 480 44,194 0 278 43,6 0 169 103,
BloodImage_00099.jpg; 86 441 158 480,326 386 486 480,550 364 640 461,141 350 233 443,50 317 149 416,443 223 640 421,0 240 49 324,378 195 489 306,122 166 279 323,513 132 622 241,440 23 529 112,537 0 640 105,294 0 412 101,29 0 135 85,
BloodImage_00100.jpg; 353 412 439 480,153 284 221 352,0 297 97 420,294 270 441 416,234 236 324 326,47 189 165 306,155 143 262 250,421 115 582 277,0 56 166 228,583 81 640 175,378 0 569 186,390 0 482 47,12 0 94 74,
BloodImage_00101.jpg; 581 309 640 423,124 268 295 438,426 201 600 375,224 161 399 336,495 138 578 222,0 88 116 225,363 87 450 174,519 54 640 222,443 51 526 134,447 0 525 49,129 0 355 179,
BloodImage_00103.jpg; 484 421 567 480,580 417 640 480,0 384 108 480,431 328 492 389,197 306 274 383,0 282 48 370,257 215 435 392,58 237 149 328,120 194 253 328,482 174 640 398,455 53 555 153,33 50 198 215,304 18 505 220,0 12 104 184,494 0 640 153,487 0 564 59,146 0 266 87,
BloodImage_00104.jpg; 425 290 640 480,500 253 625 378,0 189 221 436,400 165 494 259,411 66 640 325,0 0 356 352,294 0 424 114,413 0 552 82,197 0 289 59,
BloodImage_00106.jpg; 39 415 126 480,157 400 268 480,312 270 583 480,29 300 131 402,0 298 45 365,422 268 489 335,128 269 277 418,387 175 515 302,550 127 640 244,0 77 38 147,278 61 448 231,402 18 476 93,477 0 605 114,348 0 421 58,13 0 362 311,
BloodImage_00107.jpg; 326 443 398 480,433 379 548 480,336 319 430 413,0 308 80 406,488 219 631 361,111 112 340 340,533 104 640 227,0 94 160 272,306 24 397 115,593 3 640 88,370 0 500 65,106 0 286 143,
BloodImage_00108.jpg; 23 442 96 480,576 424 636 480,498 412 579 480,0 294 45 380,588 278 640 364,55 206 269 419,496 222 602 328,312 208 379 276,402 172 508 278,0 161 63 257,342 84 422 163,120 62 264 206,503 16 640 228,463 0 540 53,352 0 439 50,168 0 305 80,
BloodImage_00109.jpg; 506 378 590 461,50 353 189 480,224 309 399 480,0 302 88 441,261 149 380 267,396 162 478 243,134 158 230 253,0 148 209 362,0 155 35 227,115 16 294 194,439 7 640 332,265 0 524 143,85 0 206 63,
BloodImage_00110.jpg; 9 419 109 480,133 383 231 480,0 211 194 413,0 213 39 293,303 199 384 281,409 130 640 399,159 147 350 337,0 62 104 179,351 29 490 168,356 0 446 45,98 0 236 137,0 0 77 70,
BloodImage_00111.jpg; 521 396 611 480,0 389 70 480,291 366 376 452,545 315 640 416,63 265 228 431,0 250 42 329,314 198 616 480,0 79 270 352,474 59 613 197,0 37 77 123,373 41 465 133,508 0 628 62,369 0 436 35,222 0 354 117,127 0 236 103,
BloodImage_00112.jpg; 281 408 360 480,186 351 266 432,366 327 521 480,5 276 131 401,292 263 382 352,440 252 534 346,0 107 166 278,170 148 245 224,585 138 640 240,210 40 303 133,0 36 110 155,584 0 640 63,285 0 557 265,103 0 188 71,
BloodImage_00113.jpg; 36 420 131 480,342 380 458 480,13 323 96 405,537 289 635 388,302 275 429 403,83 215 211 343,570 201 640 283,353 148 584 379,123 53 355 285,0 76 107 195,176 22 260 106,549 0 640 114,293 0 365 36,144 0 276 70,0 0 57 48,
BloodImage_00114.jpg; 431 436 517 480,57 415 154 480,328 347 474 480,0 284 85 375,240 279 331 369,364 194 506 336,83 197 291 405,5 134 133 262,242 60 383 202,131 23 240 132,352 0 640 261,0 0 131 89,
BloodImage_00115.jpg; 181 444 247 480,312 423 396 480,450 358 580 480,32 298 117 384,209 259 338 387,534 242 640 363,466 246 557 338,83 208 265 390,367 96 591 320,227 81 372 226,0 62 76 140,300 0 454 92,209 0 287 56,98 0 233 133,33 0 151 90,
BloodImage_00117.jpg; 526 413 606 480,102 412 179 480,421 390 517 480,232 369 391 480,0 324 74 468,42 206 274 438,507 63 611 168,594 62 640 147,180 61 287 168,116 0 220 94,0 0 114 101,295 0 422 107,
BloodImage_00120.jpg; 229 424 301 480,105 392 216 480,226 362 330 466,362 308 614 480,363 287 464 387,88 245 219 376,226 240 339 354,0 243 51 346,569 228 640 367,434 198 521 284,65 152 176 263,185 79 317 211,588 69 640 141,499 0 640 116,247 0 335 77,107 0 249 130,
BloodImage_00123.jpg; 45 378 139 472,248 305 440 480,4 270 127 392,551 283 640 402,169 273 266 370,283 201 453 371,56 163 185 291,160 116 335 290,469 71 640 248,0 74 175 287,147 53 219 126,510 0 640 82,318 0 438 85,130 0 309 92,
BloodImage_00124.jpg; 238 397 337 480,5 389 108 480,589 360 640 445,534 330 614 411,483 220 592 329,40 191 294 446,552 185 640 334,0 90 164 347,300 42 494 235,462 57 546 141,269 0 457 95,25 0 128 54,
BloodImage_00125.jpg; 264 369 392 480,522 338 640 480,112 333 296 480,432 228 585 381,0 208 67 310,342 166 471 294,129 159 253 283,541 86 640 255,319 6 442 128,395 21 600 225,38 0 240 185,
BloodImage_00126.jpg; 594 383 640 466,415 378 534 480,323 364 444 480,260 324 347 411,197 282 299 384,0 257 242 480,322 244 393 316,400 223 521 343,451 125 580 254,195 135 321 260,317 67 466 216,543 60 640 238,0 16 159 207,463 0 590 64,356 0 443 73,252 0 359 97,
BloodImage_00127.jpg; 452 408 550 480,262 323 456 480,1 238 243 479,477 153 640 391,201 142 321 262,369 37 573 242,138 0 292 151,465 0 554 86,226 0 343 84,0 0 164 184,
BloodImage_00130.jpg; 242 442 303 480,359 443 418 480,0 411 64 480,375 339 524 480,303 340 403 439,569 327 640 421,199 311 316 429,445 295 574 424,0 232 207 480,171 202 325 357,568 82 640 178,257 65 384 191,0 35 164 217,362 5 426 69,415 0 506 48,125 0 346 211,
BloodImage_00132.jpg; 317 428 418 480,195 419 287 480,84 397 177 480,573 360 640 448,0 282 81 422,225 242 362 379,193 160 300 267,0 125 116 249,148 0 354 198,356 0 504 133,145 0 219 37,16 0 138 107,
BloodImage_00133.jpg; 453 421 561 480,94 384 195 480,0 339 50 415,527 323 623 420,229 300 439 480,66 271 160 365,158 261 269 372,554 213 640 316,195 99 431 335,0 33 214 274,412 0 579 135,155 0 271 97,
BloodImage_00134.jpg; 282 434 367 480,0 288 231 480,498 274 640 443,128 231 275 379,235 194 374 333,585 148 640 242,202 61 330 190,0 6 204 239,388 0 537 110,229 0 382 109,
BloodImage_00135.jpg; 463 437 546 480,289 417 404 480,0 407 50 480,54 356 184 480,587 332 640 430,340 327 473 459,459 220 606 368,100 166 305 372,0 150 65 281,95 85 227 217,257 95 368 207,524 56 640 222,586 0 640 44,461 0 542 60,221 0 294 44,119 0 221 80,0 0 90 59,
BloodImage_00136.jpg; 229 416 312 480,256 338 336 418,333 328 461 456,449 283 538 371,0 279 182 473,327 226 418 318,573 197 640 287,134 144 265 275,133 134 199 201,473 121 570 218,558 94 640 201,0 75 138 313,318 55 459 196,98 0 209 104,21 0 104 73,
BloodImage_00137.jpg; 509 342 640 475,164 337 280 453,222 135 546 458,0 135 113 306,249 24 384 158,410 0 640 175,51 0 327 260,
BloodImage_00139.jpg; 148 384 250 480,11 234 229 452,164 217 248 302,259 162 588 480,82 74 225 217,356 30 640 388,202 6 329 133,
BloodImage_00140.jpg; 304 422 397 480,523 363 640 480,54 342 196 480,502 267 579 345,340 240 550 451,566 188 640 276,250 102 368 220,100 87 251 237,371 66 433 129,423 33 639 249,0 52 200 308,231 19 347 135,394 0 480 57,210 0 352 79,0 0 51 70,
BloodImage_00141.jpg; 0 412 76 480,403 344 501 443,509 292 611 394,603 288 640 358,317 189 400 273,417 134 640 368,0 155 128 369,262 65 450 252,546 52 640 147,76 3 357 284,422 0 538 104,117 0 224 63,0 0 129 144,
BloodImage_00142.jpg; 541 425 628 480,0 404 90 480,305 370 436 480,65 334 206 475,560 269 640 391,251 186 370 306,413 92 640 323,0 91 280 389,344 66 440 162,51 0 197 129,342 0 480 73,0 0 63 56,
BloodImage_00143.jpg; 541 426 639 480,328 427 426 480,429 354 563 480,343 285 445 386,0 241 271 480,425 160 570 306,567 74 640 216,59 58 187 186,345 33 512 200,0 37 66 156,535 0 640 99,444 0 524 46,138 0 242 55,
BloodImage_00144.jpg; 453 433 545 480,196 428 296 480,579 343 640 419,0 269 183 480,438 232 559 353,188 167 331 310,28 190 245 406,599 167 640 242,349 117 527 295,507 43 640 201,62 5 247 190,200 0 342 90,
BloodImage_00145.jpg; 110 368 245 480,601 325 640 397,408 304 593 480,0 303 116 467,253 272 324 343,368 187 506 325,506 124 608 226,380 109 471 201,77 73 316 313,11 84 94 167,419 0 640 203,174 0 258 82,
BloodImage_00147.jpg; 161 372 272 480,280 345 398 462,343 273 640 480,0 228 134 378,0 47 211 271,355 57 491 193,81 13 421 352,471 0 640 177,
BloodImage_00148.jpg; 487 328 640 480,418 263 498 343,0 143 363 480,266 179 386 299,493 163 640 322,590 60 640 156,265 0 534 254,40 0 175 115,0 0 72 107,
BloodImage_00149.jpg; 537 374 640 480,0 159 377 480,443 101 640 305,0 101 75 214,72 73 196 197,569 0 640 80,426 0 539 71,161 0 427 180,18 0 120 98,
BloodImage_00150.jpg; 0 333 102 471,141 144 489 480,0 58 252 339,288 26 398 136,332 0 640 480,0 0 127 90,
BloodImage_00152.jpg; 183 363 237 416,566 355 640 457,236 156 389 309,314 67 399 151,145 44 264 163,457 0 640 168,396 0 483 57,0 0 105 102,
BloodImage_00154.jpg; 0 417 66 480,112 394 237 480,343 360 471 480,198 235 356 392,329 175 413 258,371 142 640 480,0 8 337 351,373 8 502 137,161 0 294 66,
BloodImage_00156.jpg; 12 348 129 465,23 231 176 384,309 174 640 480,221 184 331 294,14 171 96 252,570 93 640 186,0 64 76 158,546 0 640 64,121 0 425 180,
BloodImage_00157.jpg; 281 343 478 480,211 194 353 336,0 187 192 413,112 155 202 245,524 101 640 229,268 0 634 303,181 0 325 105,
BloodImage_00158.jpg; 483 355 605 477,243 312 433 480,0 290 240 480,349 221 484 357,587 93 640 188,406 56 605 256,450 0 545 90,184 0 505 316,55 0 323 259,
BloodImage_00159.jpg; 258 387 376 480,4 358 113 466,552 276 640 447,186 145 310 269,0 82 312 451,393 30 640 331,192 11 342 160,
BloodImage_00160.jpg; 261 295 469 480,503 270 630 398,57 250 253 447,413 226 494 307,125 173 275 322,579 133 640 222,413 46 607 240,222 0 429 172,128 0 234 86,3 0 223 215,
BloodImage_00161.jpg; 0 432 62 480,515 368 640 480,74 302 234 462,299 303 494 480,493 258 640 415,87 237 181 331,0 198 81 315,116 148 224 255,363 157 599 394,0 100 49 177,220 40 373 193,519 0 637 96,324 0 493 85,132 0 201 50,36 0 122 50,
BloodImage_00162.jpg; 513 397 609 480,45 383 145 480,447 374 519 446,0 375 63 479,435 268 531 363,531 244 640 372,167 207 257 297,597 198 640 276,66 171 156 261,245 136 347 238,338 144 462 268,489 134 579 224,112 107 186 180,192 76 272 156,424 15 548 138,0 0 137 139,554 13 640 124,144 0 290 86,
BloodImage_00163.jpg; 63 429 158 480,237 423 323 480,594 395 640 470,404 363 539 480,306 310 381 384,0 304 66 432,603 276 640 330,419 237 534 351,0 223 32 289,104 173 337 407,286 139 427 281,0 103 51 190,62 97 175 210,423 54 555 186,178 32 309 164,461 0 640 108,267 0 369 78,51 0 141 66,
BloodImage_00164.jpg; 0 406 66 480,539 380 622 464,210 382 316 480,55 372 132 449,419 346 517 444,150 317 258 426,181 193 292 304,0 193 134 347,284 133 489 338,119 114 194 189,404 71 640 375,431 0 499 57,78 0 309 197,
BloodImage_00165.jpg; 535 423 639 480,276 386 365 475,365 341 539 480,0 364 63 470,316 276 413 373,192 275 299 382,0 205 188 397,429 193 612 376,90 148 213 271,400 10 508 118,514 6 640 215,251 0 320 63,2 0 257 232,
BloodImage_00166.jpg; 93 396 183 480,360 370 478 480,495 349 612 466,0 353 125 480,171 250 296 374,348 175 550 377,0 154 38 230,12 124 288 400,558 84 640 179,0 8 57 70,263 0 456 177,496 0 592 95,278 0 352 40,143 0 270 108,
BloodImage_00167.jpg; 399 433 484 480,36 283 131 378,477 265 567 355,0 231 41 313,82 203 176 297,521 201 640 344,418 139 498 218,127 111 318 301,314 108 398 192,476 39 617 180,335 0 441 89,187 6 279 99,65 0 148 77,
BloodImage_00168.jpg; 41 379 138 476,581 363 640 438,451 355 545 448,151 313 237 399,313 269 446 402,76 186 222 333,280 167 380 267,32 109 232 308,566 144 640 229,377 110 472 205,471 64 622 214,186 58 291 164,13 40 111 138,592 0 640 91,390 0 533 91,212 0 309 73,100 0 193 64,
BloodImage_00169.jpg; 156 436 234 480,256 396 342 480,366 339 470 443,506 336 640 480,82 320 180 418,452 293 552 393,150 270 237 356,340 221 445 326,594 221 640 310,466 186 560 280,27 152 178 303,0 119 49 218,421 65 560 204,52 86 145 179,536 0 640 102,451 0 539 77,84 0 171 70,
BloodImage_00170.jpg; 60 400 149 480,402 365 497 460,190 361 268 439,0 343 65 430,472 273 628 430,0 243 80 326,99 219 186 306,574 188 640 269,437 181 530 274,0 136 75 219,188 120 286 218,363 113 461 211,77 44 223 191,280 24 386 130,592 0 640 61,32 0 122 51,
BloodImage_00171.jpg; 0 393 75 480,584 370 640 471,257 322 380 444,84 304 192 411,324 255 493 424,583 242 640 323,18 202 114 297,523 122 606 205,365 108 474 218,0 80 50 178,455 0 549 86,82 0 395 310,21 0 112 58,
BloodImage_00172.jpg; 334 428 435 480,474 412 582 480,114 363 242 480,16 349 116 449,316 342 382 408,359 331 467 439,572 284 640 374,239 225 337 323,0 232 32 296,118 222 220 324,433 195 584 347,595 161 640 238,28 102 180 255,187 10 267 90,0 7 35 76,439 0 526 74,544 0 623 48,35 0 162 87,
BloodImage_00174.jpg; 118 407 183 472,0 387 62 473,326 376 420 470,574 334 640 419,44 324 143 423,161 299 293 431,500 257 586 342,553 166 640 269,0 164 68 251,129 149 207 227,459 113 551 205,40 47 186 193,310 56 401 148,197 33 297 133,106 0 203 84,594 0 640 68,402 0 523 101,277 0 361 45,0 0 77 63,
BloodImage_00175.jpg; 0 397 46 479,463 333 606 476,36 309 144 416,410 242 501 333,306 185 400 279,91 186 220 314,0 186 86 285,508 110 640 282,189 48 307 166,526 0 639 113,28 11 117 100,211 0 302 48,
BloodImage_00176.jpg; 206 417 312 480,0 412 44 474,327 392 425 480,65 382 169 480,590 296 640 378,139 282 263 407,464 273 573 383,352 250 476 375,67 201 179 312,538 197 626 285,314 108 454 248,8 89 105 186,471 29 604 162,136 47 309 220,580 0 640 75,409 0 527 59,299 0 381 71,98 0 178 41,
BloodImage_00177.jpg; 589 422 640 480,49 413 121 480,303 376 424 480,0 383 64 473,133 336 244 446,443 350 586 480,0 291 77 380,287 279 388 380,556 270 640 373,74 213 267 406,451 205 549 303,386 108 484 206,0 115 85 230,556 99 640 221,329 3 444 118,539 0 640 104,437 0 550 113,186 0 289 77,32 0 189 145,0 0 43 51,
BloodImage_00178.jpg; 216 430 311 480,4 399 94 480,563 361 640 448,307 346 405 444,133 315 256 437,29 299 110 380,427 267 542 383,286 216 420 349,532 193 640 306,157 172 279 295,408 133 520 245,53 115 205 268,0 62 79 180,489 36 596 143,79 32 164 117,214 0 385 149,
BloodImage_00179.jpg; 335 427 438 480,6 412 91 480,475 406 557 480,568 396 640 480,108 398 197 480,317 368 408 459,188 293 279 383,37 285 146 395,415 253 593 430,0 219 51 307,114 174 230 289,550 157 640 300,491 131 597 237,179 77 286 184,0 84 72 197,58 52 178 173,226 9 330 113,540 0 640 127,378 0 479 88,105 0 193 44,0 0 43 50,
BloodImage_00180.jpg; 464 401 578 480,50 394 145 480,209 380 314 480,313 334 416 437,521 312 634 425,140 307 253 419,422 266 542 385,0 240 46 332,250 202 359 311,45 205 147 307,523 176 634 288,145 170 233 258,387 121 518 252,182 111 286 215,38 33 193 188,528 14 640 149,365 0 489 125,236 0 380 121,167 0 265 92,
BloodImage_00182.jpg; 249 380 366 480,28 369 157 480,413 285 612 480,0 265 75 417,148 188 335 374,0 106 49 177,173 77 270 173,0 6 190 214,549 0 640 118,332 0 640 315,246 0 377 97,145 0 222 52,
BloodImage_00183.jpg; 470 397 590 480,45 374 207 480,575 333 640 427,240 323 330 413,417 223 543 350,131 216 292 378,0 134 43 217,76 119 201 244,257 105 454 302,549 46 640 160,33 0 144 110,440 0 526 48,285 0 392 88,
BloodImage_00184.jpg; 480 422 582 480,129 377 267 480,0 311 153 480,271 298 487 480,0 281 73 360,170 225 313 367,346 171 577 403,125 178 214 267,461 122 562 224,269 75 439 245,582 60 640 153,446 0 582 110,341 0 455 86,108 0 274 158,0 0 95 133,
BloodImage_00187.jpg; 405 314 640 480,0 354 67 460,56 347 188 480,567 280 640 363,348 166 465 283,460 164 640 367,202 84 394 276,410 62 532 184,0 55 139 232,137 31 258 152,461 0 602 89,290 0 414 100,88 0 174 44,
BloodImage_00189.jpg; 450 422 520 480,568 403 640 480,333 350 410 427,165 306 327 467,0 286 97 452,385 282 473 370,213 220 348 355,40 244 211 415,209 157 365 312,474 170 595 290,0 154 84 244,390 73 503 186,185 55 273 144,65 56 176 167,492 36 634 177,395 0 480 50,253 0 359 75,91 0 181 73,0 0 70 38,
BloodImage_00190.jpg; 353 436 425 480,500 428 591 480,120 400 212 480,580 366 640 448,285 338 419 472,380 235 578 433,213 169 380 336,86 199 270 383,520 148 640 285,275 134 385 243,161 74 303 215,502 41 606 146,420 53 501 134,265 20 362 118,0 7 163 191,530 0 607 38,332 0 399 33,89 0 209 99,
BloodImage_00191.jpg; 31 425 115 480,138 427 238 480,0 348 64 447,503 286 640 434,272 277 428 433,11 189 312 480,108 144 284 320,582 170 640 270,0 144 88 283,295 106 394 205,435 70 564 199,49 70 168 189,210 2 336 128,557 0 640 76,354 0 456 98,101 0 220 60,0 0 51 91,
BloodImage_00192.jpg; 508 435 584 480,144 368 226 449,554 345 640 434,393 336 523 467,0 326 128 480,461 238 572 349,213 219 313 318,309 209 452 353,452 177 556 280,0 188 103 291,35 156 247 367,598 95 640 176,0 39 163 212,492 0 622 104,304 0 511 185,0 0 54 48,
BloodImage_00193.jpg; 422 383 539 480,0 386 87 480,372 321 447 396,506 310 567 370,207 267 428 480,0 270 54 351,71 241 240 410,154 168 308 321,455 183 550 278,357 140 487 270,535 43 640 160,0 42 34 109,122 0 364 213,502 0 633 69,368 0 513 140,254 0 373 60,
BloodImage_00195.jpg; 422 435 506 480,230 406 375 480,36 378 117 460,153 357 249 453,62 295 158 391,251 295 330 374,342 287 453 399,53 245 124 315,537 235 640 350,149 184 269 303,406 161 503 259,0 114 117 274,228 105 299 176,547 90 640 206,348 51 496 198,279 31 377 129,0 29 99 134,543 0 640 99,442 0 539 58,161 0 281 94,
BloodImage_00196.jpg; 9 435 67 480,263 412 342 480,71 406 180 480,505 407 605 480,143 323 250 430,0 233 121 407,565 152 640 258,454 133 554 233,0 111 48 209,157 101 350 295,332 38 481 188,37 42 230 235,396 0 584 116,276 0 366 65,
BloodImage_00197.jpg; 348 406 466 480,229 397 341 480,0 322 121 477,0 195 68 310,540 191 630 280,149 152 417 421,381 161 625 404,57 160 160 263,320 131 414 225,131 104 194 168,587 91 640 190,420 17 547 144,320 0 410 77,81 0 280 137,0 0 98 111,
BloodImage_00198.jpg; 413 414 505 480,308 398 416 480,122 397 215 480,10 353 136 480,440 283 598 440,0 303 41 383,545 180 640 316,29 155 244 369,0 143 54 228,486 107 571 191,42 0 267 224,546 28 640 129,0 14 43 89,492 0 567 37,267 0 500 216,
BloodImage_00199.jpg; 99 419 191 480,0 403 49 480,228 307 371 451,278 188 627 480,13 219 240 446,411 162 577 328,556 159 640 264,94 74 291 272,0 31 64 123,375 0 572 167,134 0 278 104,
BloodImage_00200.jpg; 150 405 247 480,498 355 640 480,0 311 172 480,336 308 443 415,165 227 366 428,290 169 381 260,28 102 303 376,0 102 96 204,322 69 479 226,140 19 210 89,417 29 640 341,593 0 640 87,490 0 555 33,237 0 373 87,130 0 226 85,
BloodImage_00201.jpg; 459 443 513 480,317 369 450 480,593 379 640 468,0 329 140 480,417 320 511 414,356 285 440 369,383 222 504 343,0 213 125 349,173 155 270 253,358 120 484 247,0 142 55 251,258 105 359 206,605 56 640 123,461 0 595 120,315 0 427 103,5 0 265 207,
BloodImage_00202.jpg; 284 383 390 480,274 281 351 358,35 298 215 479,443 244 527 328,555 221 640 322,272 171 365 264,366 92 581 308,416 48 512 144,586 7 640 101,278 0 377 94,7 0 324 289,
BloodImage_00203.jpg; 484 430 553 480,67 431 145 480,338 363 461 480,479 364 551 435,576 340 640 441,552 203 640 297,296 184 455 343,434 79 565 211,542 52 640 165,131 4 292 164,0 3 198 300,476 0 581 54,268 0 374 92,
BloodImage_00204.jpg; 229 423 329 480,444 403 595 480,335 425 395 480,105 375 209 479,13 383 100 469,492 293 598 398,255 261 419 426,382 232 465 316,0 212 145 367,443 192 535 284,575 194 640 287,485 181 555 252,153 128 344 318,0 90 98 202,588 68 640 145,410 56 525 171,72 49 189 166,504 0 612 96,288 0 455 152,53 0 172 70,0 0 50 49,
BloodImage_00205.jpg; 0 412 62 480,93 413 174 480,456 379 548 471,549 363 640 478,368 360 447 439,162 261 267 366,367 221 500 354,160 245 323 408,0 225 78 311,156 150 243 237,386 144 472 231,262 123 367 228,447 0 640 200,426 0 521 77,327 0 399 57,227 0 300 56,14 0 222 176,
BloodImage_00206.jpg; 0 416 83 480,414 390 529 480,177 309 277 409,0 252 165 418,226 243 446 463,93 173 222 301,202 134 304 235,557 137 640 256,0 67 123 199,560 81 619 141,333 36 549 253,181 47 287 153,538 0 624 49,420 0 498 54,311 0 418 86,90 0 194 101,6 0 67 38,
BloodImage_00207.jpg; 102 340 203 442,237 282 441 480,0 280 94 427,373 248 502 377,373 211 448 285,83 154 282 353,453 126 640 328,0 125 87 223,282 88 443 250,200 76 284 160,577 62 640 180,346 37 442 133,97 1 202 106,508 0 617 90,401 0 482 61,230 0 354 75,0 0 44 66,
BloodImage_00208.jpg; 343 348 531 480,191 310 343 461,0 303 140 480,224 288 283 348,104 290 188 373,347 255 442 349,182 165 299 282,449 147 640 350,0 117 111 247,290 81 454 245,151 4 245 97,489 0 619 92,402 0 479 63,248 0 340 75,0 0 90 124,
BloodImage_00209.jpg; 36 364 163 480,439 319 640 480,0 317 64 415,166 253 336 424,313 242 464 393,341 100 472 230,12 111 223 322,535 114 640 254,0 50 70 154,361 0 551 183,579 10 640 91,90 6 192 108,257 0 404 114,0 0 48 57,
BloodImage_00210.jpg; 148 432 216 480,234 405 318 480,40 387 107 454,557 332 640 435,294 203 491 399,1 238 117 354,0 127 57 211,32 113 252 332,446 102 586 242,170 51 427 307,486 0 614 106,246 0 391 112,22 0 253 177,
BloodImage_00211.jpg; 128 442 187 480,18 429 117 480,572 358 640 432,250 317 393 459,96 285 202 391,602 272 640 338,347 223 619 480,292 204 391 303,0 159 123 291,550 140 640 241,143 80 341 279,450 50 519 119,76 18 200 143,219 3 332 116,0 4 57 102,470 0 632 137,353 0 474 71,
BloodImage_00212.jpg; 0 395 141 480,175 406 260 480,546 395 639 480,0 212 54 292,541 197 611 268,52 180 341 468,414 164 616 367,235 13 519 297,192 37 306 151,537 19 640 179,353 0 467 107,109 0 213 72,0 0 147 215,
BloodImage_00214.jpg; 494 413 591 480,347 374 477 480,113 342 238 467,260 334 332 406,270 273 366 369,0 263 144 440,382 216 579 414,560 217 640 307,593 142 640 212,219 130 316 226,392 61 543 211,3 1 88 87,532 0 630 91,411 0 498 43,278 0 417 134,14 0 313 294,
BloodImage_00215.jpg; 80 423 162 480,404 433 491 480,541 408 634 480,268 406 350 480,455 354 535 434,0 268 58 364,491 261 586 355,310 219 486 396,232 197 324 289,288 73 383 169,223 60 300 137,405 63 525 183,461 0 556 53,142 0 288 102,0 0 207 300,
BloodImage_00216.jpg; 11 407 139 480,205 390 284 469,439 367 566 480,4 342 96 435,313 324 408 418,561 294 640 389,434 274 519 359,100 254 267 420,13 229 144 360,115 178 201 264,0 163 79 251,278 146 455 323,0 111 37 176,163 60 328 226,539 41 640 155,556 0 640 57,419 0 549 106,80 0 266 147,0 0 68 62,
BloodImage_00217.jpg; 322 412 422 480,261 353 351 443,415 336 510 431,0 323 104 470,593 299 640 386,91 248 224 381,0 246 52 334,323 202 490 368,39 145 146 252,204 96 305 198,390 0 640 245,286 0 382 59,78 0 211 122,0 0 103 86,
BloodImage_00218.jpg; 138 410 268 480,563 400 640 480,299 325 459 480,54 304 217 467,0 304 81 439,343 283 426 365,176 241 265 331,42 200 141 299,565 161 640 242,0 107 43 192,153 80 326 253,295 52 534 291,445 0 524 42,81 0 359 211,
BloodImage_00219.jpg; 67 440 140 480,402 398 513 480,294 399 384 480,0 360 66 472,270 224 452 406,0 245 52 335,432 226 600 393,52 190 251 389,256 164 344 252,0 92 43 164,162 60 280 178,317 3 547 232,297 0 378 61,132 0 211 39,2 0 107 92,
BloodImage_00220.jpg; 354 439 433 480,555 345 640 431,369 328 447 405,376 271 541 436,0 131 303 477,588 114 640 202,17 71 124 178,366 53 630 317,125 28 239 142,277 33 453 208,504 0 640 97,0 0 103 62,
BloodImage_00221.jpg; 573 430 640 480,266 422 348 480,450 398 550 480,0 384 71 480,167 373 247 453,368 343 464 439,66 332 164 431,472 277 630 435,533 218 625 311,0 129 221 366,107 115 196 204,0 5 134 147,413 0 640 154,115 0 399 274,
BloodImage_00222.jpg; 292 438 372 480,181 436 257 480,49 415 104 470,345 344 460 459,460 278 640 479,147 283 240 376,243 276 348 380,527 198 640 350,0 160 74 264,404 110 585 291,17 89 153 224,160 54 318 212,406 11 498 103,307 0 380 56,153 0 212 49,
BloodImage_00223.jpg; 60 419 158 480,182 430 265 480,402 405 538 480,0 409 63 480,267 390 345 469,123 336 213 426,536 340 640 480,22 314 99 391,452 147 595 291,286 143 449 306,6 59 316 369,17 102 89 174,524 56 640 203,561 0 640 83,284 0 454 151,174 0 247 48,42 0 146 85,
BloodImage_00224.jpg; 353 414 454 480,0 381 50 473,235 369 357 480,48 301 163 416,302 270 414 381,0 283 32 346,152 208 244 300,366 152 640 480,250 134 383 266,514 67 591 144,12 67 189 245,0 8 53 106,498 0 610 74,405 0 491 71,199 0 345 138,
BloodImage_00225.jpg; 0 438 63 480,495 342 640 480,283 310 472 480,20 283 169 431,127 252 308 432,520 163 629 271,263 137 434 308,0 110 90 223,118 84 261 227,532 60 640 195,17 44 88 115,104 0 259 119,
BloodImage_00226.jpg; 565 438 639 480,0 427 58 480,80 434 144 480,276 418 366 480,363 381 474 480,493 301 640 458,233 284 327 378,40 284 89 333,76 281 209 413,367 254 486 372,520 201 601 282,437 174 521 258,46 170 133 258,221 89 380 248,482 12 640 186,0 9 99 186,469 0 592 64,370 0 450 65,216 0 312 80,64 0 239 169,
BloodImage_00227.jpg; 429 402 534 480,500 337 640 480,439 264 572 397,573 240 640 315,0 226 186 477,425 123 582 280,321 96 428 203,537 82 640 198,0 56 93 153,100 10 332 241,400 0 640 163,108 0 196 51,
BloodImage_00228.jpg; 288 435 365 480,427 415 508 480,365 370 467 473,0 353 135 480,224 352 303 430,133 303 212 382,234 202 411 379,19 187 184 351,399 163 489 253,0 163 34 232,462 157 640 424,45 85 132 171,176 80 276 180,482 17 615 150,278 0 427 141,167 0 253 43,34 0 121 57,
BloodImage_00229.jpg; 129 430 195 480,23 424 105 480,358 345 511 480,94 306 182 394,526 281 640 402,209 267 347 406,0 194 173 374,332 13 588 269,235 0 329 62,120 0 210 47,0 0 226 196,
BloodImage_00230.jpg; 35 442 106 480,488 445 555 480,565 386 640 475,101 362 230 480,181 376 279 475,291 341 452 480,583 261 640 355,161 236 274 348,299 201 558 460,22 202 135 315,137 164 200 228,0 106 81 201,239 79 398 239,435 32 632 228,573 0 640 60,315 0 437 83,223 0 302 39,17 0 126 87,
BloodImage_00231.jpg; 42 417 130 480,196 384 306 480,597 385 640 465,477 333 633 480,324 325 496 480,0 296 106 419,590 242 640 322,52 210 196 354,415 140 517 242,0 87 110 231,590 80 640 157,269 51 352 133,380 20 488 128,481 0 630 134,68 0 285 173,
BloodImage_00232.jpg; 587 421 640 480,0 402 54 477,504 395 593 480,247 326 483 480,43 296 219 472,411 276 569 434,352 271 441 359,126 218 264 357,320 187 403 270,510 187 607 283,0 26 212 257,181 68 368 255,150 54 236 139,462 5 549 93,300 0 525 218,196 0 280 42,
BloodImage_00233.jpg; 485 424 593 480,0 375 141 480,301 387 419 480,567 332 640 431,19 280 216 476,232 310 350 427,363 191 571 400,217 193 336 313,330 182 452 304,0 158 80 253,58 71 154 168,560 70 640 199,133 19 284 170,562 0 640 53,224 0 412 172,
BloodImage_00234.jpg; 0 411 111 480,319 400 402 480,518 390 639 480,416 371 529 480,486 259 607 380,0 187 267 476,581 232 640 320,332 221 413 303,103 136 233 266,248 148 373 273,0 120 78 229,583 100 640 190,402 16 575 190,76 4 244 172,298 26 403 131,535 0 624 49,353 0 446 48,0 0 79 100,
BloodImage_00235.jpg; 95 415 193 480,270 383 382 480,0 353 51 445,458 316 640 480,336 245 536 446,0 181 73 275,534 162 640 301,99 133 279 314,190 78 277 165,601 62 640 125,252 38 316 102,294 0 381 50,54 0 290 157,
BloodImage_00236.jpg; 529 409 621 480,415 276 628 480,47 224 303 479,523 194 620 291,0 112 176 447,374 59 496 181,229 20 336 126,569 0 640 95,464 0 595 113,141 0 367 115,
BloodImage_00237.jpg; 0 416 60 480,84 408 170 480,493 378 551 436,444 376 569 480,192 353 301 461,309 317 419 427,0 291 64 371,599 275 640 340,201 247 305 350,425 206 510 291,514 192 613 291,69 175 215 320,0 143 100 269,423 88 540 205,487 46 640 214,98 0 282 181,0 0 82 87,
BloodImage_00239.jpg; 417 424 514 480,186 425 256 480,589 359 640 446,147 261 269 383,43 254 136 347,0 251 40 332,88 245 170 328,558 209 640 325,483 190 570 276,370 180 455 265,244 166 360 282,0 166 50 223,99 109 227 237,456 30 635 209,385 4 480 100,153 0 305 137,86 0 169 44,0 0 134 176,
BloodImage_00240.jpg; 266 439 343 480,99 386 223 480,453 380 524 451,505 315 632 442,384 285 478 379,151 266 302 418,0 190 227 456,282 121 424 263,43 55 197 208,338 0 640 319,289 0 373 67,157 0 241 63,0 0 119 114,
BloodImage_00241.jpg; 325 394 433 480,462 376 599 480,260 379 341 460,24 358 138 473,164 329 280 445,311 271 441 400,555 270 640 381,92 261 190 359,0 231 73 331,163 139 299 276,347 121 528 302,0 29 170 229,130 28 237 134,468 0 640 226,174 0 250 38,37 0 107 35,
BloodImage_00242.jpg; 472 425 554 480,276 368 402 480,0 345 96 480,437 325 538 426,544 315 639 409,348 261 442 356,462 230 545 313,571 226 640 306,70 216 214 360,0 166 75 260,285 111 428 255,440 101 565 227,143 51 257 165,517 50 640 203,291 28 372 109,529 0 606 41,409 0 516 69,160 0 223 48,0 0 114 73,
BloodImage_00243.jpg; 133 417 236 480,315 404 419 480,0 364 40 446,89 263 282 456,503 273 640 426,155 253 229 326,515 238 572 295,37 189 146 299,167 80 377 289,423 132 524 234,133 71 209 147,0 61 135 222,165 33 230 98,422 0 640 239,298 0 452 138,22 0 145 85,
BloodImage_00244.jpg; 62 434 139 480,0 399 49 480,295 387 396 480,500 362 634 480,136 358 205 427,0 338 92 434,82 275 168 361,283 199 479 396,181 223 303 344,425 105 640 379,240 98 336 195,323 74 503 254,0 20 84 122,534 0 612 55,0 0 299 266,
BloodImage_00245.jpg; 239 414 318 480,0 387 64 468,490 381 579 470,345 375 421 452,93 355 158 419,318 296 380 358,545 283 640 446,273 256 367 351,475 228 603 356,0 221 92 322,90 164 275 348,517 122 640 250,29 103 136 209,250 90 438 278,0 41 52 127,538 0 640 106,416 0 553 117,273 0 366 73,152 0 261 76,73 0 186 92,
BloodImage_00246.jpg; 509 437 587 480,85 432 147 480,0 411 68 480,376 379 496 480,376 282 488 394,0 277 66 350,552 240 640 337,328 198 412 283,0 137 195 335,362 5 613 256,0 19 80 137,141 1 373 233,334 0 460 112,
BloodImage_00247.jpg; 182 426 254 480,391 412 481 480,442 350 594 480,32 276 155 399,130 219 347 437,294 222 497 426,447 149 640 393,399 156 473 230,90 146 188 244,0 31 134 207,459 33 640 214,386 24 465 103,203 4 268 69,591 0 640 71,
BloodImage_00248.jpg; 168 418 272 480,427 312 536 422,530 306 640 422,26 273 165 412,5 219 108 322,328 193 468 332,471 151 585 265,0 126 63 216,271 89 373 192,110 50 255 195,492 31 573 113,0 15 52 88,386 0 479 75,171 0 246 63,46 0 107 59,
BloodImage_00249.jpg; 392 409 469 480,495 377 574 457,327 309 414 396,358 259 441 342,476 250 568 343,561 245 640 342,177 199 285 307,440 88 576 224,558 87 640 175,45 86 155 197,184 35 342 192,501 0 570 53,360 0 480 103,
BloodImage_00250.jpg; 512 345 640 480,0 350 84 454,156 337 261 442,523 233 616 325,0 243 46 323,33 231 130 328,365 215 495 346,2 180 73 252,567 179 640 258,430 96 536 201,10 58 101 150,272 60 366 154,572 46 640 135,413 34 473 94,329 0 427 79,187 0 288 63,
BloodImage_00251.jpg; 274 410 342 478,91 385 186 480,0 332 100 434,528 269 640 416,137 244 282 390,21 240 114 333,381 170 531 320,116 182 201 267,490 145 572 226,107 25 328 246,0 39 73 151,436 0 588 100,267 0 432 141,207 0 302 69,
BloodImage_00252.jpg; 573 409 634 471,158 391 240 473,401 348 470 417,486 333 571 418,69 309 130 370,0 302 60 391,405 216 489 300,506 199 640 332,0 141 41 214,605 136 640 199,82 131 210 259,349 0 567 211,58 0 176 94,
BloodImage_00253.jpg; 477 360 628 480,349 320 416 386,130 304 224 398,0 280 140 480,525 277 622 373,57 231 124 298,0 194 56 275,375 140 496 261,233 104 336 207,470 64 600 194,52 51 126 125,144 35 246 136,555 18 640 172,466 0 602 91,226 0 370 138,25 0 138 88,
BloodImage_00254.jpg; 482 429 539 480,162 412 209 458,510 383 606 479,256 359 376 479,405 356 486 436,5 315 119 428,101 233 190 321,175 184 324 333,0 171 38 246,290 141 412 263,592 135 640 218,404 72 489 157,65 43 212 190,250 5 396 151,594 8 640 89,512 0 583 35,0 0 69 65,
BloodImage_00255.jpg; 139 414 236 480,321 367 417 463,0 323 62 423,422 291 591 460,543 266 620 344,137 178 323 364,582 152 640 243,24 143 172 291,125 0 216 74,0 0 117 164,
BloodImage_00256.jpg; 104 416 192 480,256 385 367 480,528 334 640 480,399 326 555 480,0 220 50 320,0 210 270 480,476 141 578 243,0 77 160 250,444 15 574 145,575 4 640 74,140 0 418 190,
BloodImage_00257.jpg; 536 421 625 480,70 397 190 480,270 393 368 480,440 368 523 451,550 306 640 413,278 274 407 402,132 280 245 392,393 276 504 387,0 250 105 361,108 207 172 271,0 157 52 238,405 82 596 274,0 19 98 130,514 0 640 135,287 0 411 117,190 0 276 73,
BloodImage_00258.jpg; 592 426 640 480,159 408 246 480,310 399 387 476,49 396 135 480,0 379 46 468,392 314 537 459,131 277 212 358,551 250 640 364,242 234 379 371,36 166 194 324,356 0 581 220,0 0 242 179,
BloodImage_00259.jpg; 10 407 112 480,167 378 254 466,249 342 422 480,405 338 481 414,0 298 48 391,501 264 635 398,250 229 383 363,40 204 193 357,0 160 37 235,445 108 586 249,162 76 287 201,283 20 415 152,0 10 77 111,487 0 640 170,430 0 506 62,56 0 202 74,
BloodImage_00260.jpg; 482 426 584 480,103 413 190 480,564 364 640 466,488 295 622 428,0 232 145 450,0 154 51 226,475 154 630 309,369 128 472 231,46 87 141 182,563 92 640 178,157 41 345 230,439 0 640 164,157 0 260 75,
BloodImage_00261.jpg; 562 404 640 480,291 373 392 474,95 348 257 480,431 343 551 463,584 292 640 371,501 265 585 349,112 260 200 348,548 183 640 287,282 75 375 169,130 76 312 257,432 72 515 155,530 18 640 137,323 0 520 100,201 0 287 54,0 0 258 289,0 0 65 95,
BloodImage_00262.jpg; 457 381 613 480,536 277 640 385,0 206 407 480,546 141 640 234,333 85 595 346,0 46 137 211,556 0 640 133,289 0 515 181,87 0 361 260,5 0 115 74,
BloodImage_00263.jpg; 32 404 123 480,418 373 510 465,264 377 403 480,120 364 196 440,509 337 640 480,0 317 65 395,382 309 492 419,467 175 638 345,336 133 449 246,135 114 303 283,0 94 172 278,396 7 563 174,424 0 512 53,135 0 297 126,
BloodImage_00264.jpg; 139 415 220 480,391 334 630 480,237 344 368 475,590 311 640 382,494 277 570 353,0 276 172 452,0 220 43 307,183 181 312 311,477 124 639 286,241 94 373 226,482 64 545 127,312 62 529 279,519 0 605 48,438 0 509 69,272 0 394 113,61 0 277 203,0 0 77 72,
BloodImage_00265.jpg; 570 439 639 480,3 416 73 480,474 416 554 480,228 406 321 480,387 379 504 480,142 344 227 429,572 270 640 363,0 257 139 401,472 235 564 326,0 248 49 346,477 84 622 230,0 10 258 281,325 8 537 219,513 0 609 85,205 0 300 78,117 0 190 57,
BloodImage_00266.jpg; 467 415 583 480,56 377 221 480,226 403 282 459,577 358 637 419,296 325 407 436,65 254 140 329,9 257 173 420,566 249 640 343,350 228 452 329,0 158 76 237,92 109 283 300,451 126 600 276,590 63 640 160,375 0 495 102,177 0 401 192,26 0 204 171,
BloodImage_00267.jpg; 61 395 172 480,565 397 640 480,364 325 468 430,52 205 395 480,543 256 620 332,397 237 548 388,97 121 266 291,0 113 82 232,105 33 195 123,389 0 640 262,345 0 478 88,152 0 294 88,0 0 66 49,
BloodImage_00268.jpg; 0 416 80 480,568 420 640 480,445 385 561 480,288 393 392 480,54 204 298 448,0 188 72 334,113 149 209 244,249 67 640 475,457 47 577 167,329 25 415 111,137 5 215 84,591 0 640 80,521 0 592 44,0 0 144 151,
BloodImage_00269.jpg; 287 428 350 480,0 372 60 460,147 361 250 464,524 335 640 480,352 305 518 470,265 261 349 345,602 253 640 321,80 249 172 341,461 206 627 372,312 107 485 281,0 89 98 196,488 51 603 166,109 15 313 218,0 5 39 81,548 0 640 102,439 0 534 55,
BloodImage_00270.jpg; 395 441 461 480,518 429 598 480,56 397 154 480,0 330 77 411,296 250 366 320,527 244 640 377,16 212 117 313,0 115 78 201,280 85 406 210,28 32 363 367,391 0 640 307,250 0 356 91,0 0 54 81,
BloodImage_00271.jpg; 333 357 436 460,0 354 44 442,62 312 228 478,489 295 640 449,131 214 218 302,300 124 613 438,0 148 136 315,0 110 55 187,586 108 640 205,189 65 370 245,0 19 54 103,73 17 188 132,465 0 578 75,336 0 448 68,181 0 256 64,
BloodImage_00272.jpg; 157 433 242 480,44 416 124 480,393 314 595 480,243 358 372 480,401 225 516 340,0 231 119 383,197 165 378 345,508 190 640 360,315 100 395 179,195 68 295 168,449 41 640 236,16 21 231 236,272 0 385 91,102 0 233 74,
BloodImage_00273.jpg; 332 415 441 480,0 230 339 480,499 289 600 390,389 283 487 381,236 270 310 344,0 246 43 329,58 129 263 333,501 147 640 304,345 96 435 186,0 95 69 231,422 74 522 174,30 67 120 157,518 0 590 50,227 0 368 122,64 0 215 144,
BloodImage_00274.jpg; 427 311 627 480,124 312 299 480,522 215 615 308,0 131 185 325,0 82 41 162,248 59 394 205,495 29 640 207,223 20 326 123,365 0 512 141,88 0 206 81,0 0 81 81,
BloodImage_00275.jpg; 103 395 227 480,0 402 81 480,496 360 640 480,275 344 422 480,228 327 283 382,379 320 539 480,602 306 640 378,0 271 89 377,117 262 217 361,533 218 614 299,0 134 137 287,181 146 305 270,529 93 640 216,310 73 447 209,387 74 573 260,193 45 303 154,532 0 640 107,415 0 471 53,240 0 372 67,0 0 149 161,
BloodImage_00276.jpg; 576 441 635 480,294 400 435 480,21 325 175 480,510 320 612 422,153 315 266 428,0 293 36 366,369 249 533 412,577 253 640 356,41 157 254 370,532 163 638 269,447 158 526 237,137 104 250 218,444 23 580 158,240 43 404 207,0 10 176 220,364 0 436 35,243 0 316 37,
BloodImage_00277.jpg; 509 354 640 480,229 319 467 480,173 305 279 411,84 311 169 396,0 264 62 361,561 221 640 327,334 155 553 374,50 131 211 292,514 96 629 211,229 63 431 264,8 0 165 144,501 0 602 90,374 0 485 80,138 0 256 99,
BloodImage_00278.jpg; 502 425 598 480,13 353 114 454,91 285 286 480,0 234 58 341,182 193 259 270,38 180 142 283,225 84 372 232,16 89 123 196,369 20 640 330,145 15 258 129,482 0 632 129,358 0 464 93,250 0 342 73,85 0 184 76,2 0 88 56,
BloodImage_00279.jpg; 538 428 613 480,77 345 258 480,300 299 389 389,18 197 298 477,421 252 634 465,0 196 67 289,264 191 338 266,135 153 261 279,17 150 98 230,523 123 621 221,562 48 638 124,147 37 246 135,490 8 572 90,270 0 558 245,106 0 201 69,0 0 50 79,
BloodImage_00281.jpg; 24 430 83 480,401 415 470 480,0 377 65 472,127 274 225 372,534 268 638 373,0 264 92 364,161 264 230 333,603 177 640 247,122 147 208 233,424 130 516 223,238 65 343 170,497 60 622 186,86 52 167 133,488 0 581 54,306 0 395 70,0 0 126 108,
BloodImage_00282.jpg; 384 425 480 480,495 406 578 480,0 398 50 480,293 385 378 470,83 343 193 453,427 338 515 426,593 309 640 388,172 260 308 396,339 253 445 359,0 236 98 337,136 216 213 293,545 215 638 308,150 200 229 278,258 144 368 255,29 115 129 214,544 110 633 199,521 39 640 159,506 0 616 78,131 0 341 198,6 0 96 81,
BloodImage_00283.jpg; 232 421 312 480,460 403 555 480,355 385 454 480,552 336 640 437,395 280 477 361,0 244 37 317,293 166 377 250,447 162 543 258,10 135 103 228,568 106 640 182,360 107 447 194,59 81 148 170,272 76 332 136,131 69 267 204,537 11 640 116,357 3 443 89,452 6 546 101,20 0 94 37,
BloodImage_00284.jpg; 573 439 639 480,143 439 221 480,0 378 70 464,556 330 640 428,107 309 208 411,467 300 557 389,0 260 86 359,174 201 270 296,0 172 65 252,349 142 436 229,230 99 326 196,445 93 549 198,0 64 61 153,563 14 640 124,371 7 456 91,522 0 621 93,183 0 268 43,38 0 110 36,
BloodImage_00285.jpg; 411 421 504 480,536 382 635 480,43 379 141 476,0 344 88 480,435 320 532 417,19 268 110 359,436 218 534 315,20 165 104 249,569 122 640 232,105 122 194 211,461 101 581 221,211 72 317 179,348 51 446 150,0 50 57 149,504 26 602 123,416 0 511 49,296 0 383 43,120 0 226 96,0 0 62 40,
BloodImage_00287.jpg; 221 434 303 480,65 419 154 480,312 390 390 468,486 364 577 455,0 362 83 460,385 318 471 404,201 307 295 400,583 296 640 382,7 167 196 357,369 125 547 303,191 118 289 217,0 87 61 166,313 52 405 144,59 8 175 124,447 0 640 212,382 0 463 46,185 0 357 99,
BloodImage_00288.jpg; 349 408 431 480,532 383 629 480,75 362 161 449,0 348 45 431,416 329 514 428,568 266 640 351,458 236 537 315,98 214 184 299,353 209 439 295,0 169 154 324,228 165 342 279,534 146 640 254,424 133 513 221,131 107 221 198,297 83 389 175,488 29 591 132,0 26 47 115,50 20 151 122,421 0 504 48,302 0 400 81,174 0 303 103,
BloodImage_00289.jpg; 320 417 407 480,8 394 125 480,599 402 640 471,143 388 263 480,447 360 575 480,252 357 337 442,187 293 270 375,452 268 544 361,0 254 94 372,546 217 635 307,107 167 234 294,544 106 640 213,26 76 172 222,160 7 302 149,0 5 48 84,63 0 150 56,
BloodImage_00290.jpg; 560 443 632 480,421 443 492 480,71 433 161 480,344 379 422 457,459 377 547 465,229 352 317 440,0 345 57 432,522 266 640 441,24 214 168 357,394 180 561 346,9 161 73 226,483 65 589 170,0 70 145 231,164 26 251 113,407 27 496 116,497 0 595 92,336 0 418 47,246 0 330 80,141 0 216 51,34 0 110 47,
BloodImage_00291.jpg; 465 390 569 480,28 368 168 480,442 307 522 388,0 287 63 405,54 200 213 359,437 150 539 251,0 149 89 247,176 114 312 250,70 121 148 200,323 114 440 231,457 96 640 348,191 36 288 132,28 5 134 110,548 0 640 57,449 0 536 84,353 0 438 43,242 0 322 45,
BloodImage_00292.jpg; 383 434 468 480,55 440 124 480,227 418 313 480,117 371 202 456,519 365 613 460,319 356 403 441,204 319 282 396,420 286 534 400,0 293 71 427,289 250 374 335,137 231 232 326,541 202 640 344,155 137 236 217,252 86 466 300,510 112 604 206,0 89 188 292,0 81 39 143,219 57 308 146,546 0 640 56,332 0 499 113,215 0 296 45,10 0 93 75,
BloodImage_00293.jpg; 212 436 297 480,0 394 109 480,594 391 640 468,426 361 560 480,144 364 228 448,71 317 129 374,404 253 517 365,0 214 44 301,40 128 179 266,442 124 581 264,565 95 640 183,50 38 159 147,490 16 580 106,279 0 465 171,158 0 318 134,72 0 160 43,
BloodImage_00294.jpg; 14 435 100 480,557 436 639 480,397 353 528 480,0 372 89 468,170 352 279 462,0 277 57 359,39 269 162 391,537 199 640 316,112 203 198 288,188 177 358 348,0 154 59 242,163 111 251 199,78 107 160 190,285 87 379 180,456 85 553 181,216 18 313 115,122 29 208 114,0 24 52 130,536 0 640 105,451 0 540 63,
BloodImage_00295.jpg; 527 404 619 480,163 395 268 480,387 375 484 471,491 306 591 406,0 295 96 405,323 255 435 367,489 207 571 288,20 196 129 305,146 143 329 325,552 130 640 300,0 80 73 182,241 23 338 120,379 1 568 190,599 0 640 76,324 0 409 44,97 0 254 149,
BloodImage_00296.jpg; 234 397 355 480,9 363 107 461,558 351 640 447,125 340 211 426,345 276 519 450,210 271 319 379,27 259 126 358,498 254 599 355,603 162 640 232,502 148 588 234,92 119 252 278,0 108 81 202,536 2 640 109,338 0 466 65,138 0 237 84,0 0 108 98,
BloodImage_00297.jpg; 59 371 131 443,403 353 488 438,524 336 640 469,112 295 188 371,0 276 76 416,418 267 497 346,324 160 429 264,37 152 208 323,604 97 640 163,0 76 44 164,412 38 639 266,135 22 329 216,324 0 503 156,
BloodImage_00298.jpg; 513 435 584 480,57 398 154 480,0 404 34 469,411 336 501 426,453 238 625 411,362 213 452 303,535 170 613 248,333 106 417 189,410 94 509 193,0 88 179 281,145 38 341 233,484 45 640 207,0 18 43 99,269 0 466 143,197 0 278 67,
BloodImage_00299.jpg; 441 396 555 480,490 313 576 399,0 303 120 452,95 304 187 396,528 188 640 366,0 122 47 199,203 91 352 239,586 52 640 145,337 43 594 300,9 14 280 285,551 0 631 39,339 0 438 70,
BloodImage_00300.jpg; 417 414 535 480,16 399 131 480,263 350 368 456,382 316 493 427,28 306 130 407,483 302 606 426,25 188 229 393,486 181 572 267,587 178 640 274,386 143 477 233,0 68 93 190,471 0 640 172,328 0 490 132,170 0 347 162,
BloodImage_00301.jpg; 7 433 94 480,443 409 537 480,158 357 268 468,284 305 456 476,556 331 640 473,507 319 594 406,0 304 102 424,102 292 195 385,357 248 441 331,461 207 556 302,574 204 640 305,283 205 360 282,34 151 252 368,530 117 614 201,323 42 486 205,147 8 336 197,42 0 130 71,0 0 96 172,
BloodImage_00302.jpg; 579 419 640 480,91 377 208 480,0 316 74 443,308 237 613 480,131 280 237 386,234 186 396 347,435 168 591 324,0 81 240 328,533 124 640 263,216 77 314 176,121 22 225 126,506 0 640 96,323 0 516 174,
BloodImage_00303.jpg; 0 416 82 480,500 415 574 480,595 410 640 480,378 393 488 480,280 350 384 453,0 355 51 432,470 274 617 420,176 273 294 391,62 271 140 349,0 264 44 340,28 254 106 332,283 226 374 316,400 201 493 294,528 180 640 313,501 167 580 245,392 77 492 176,74 74 249 250,552 0 640 70,395 0 640 195,127 0 245 65,0 0 112 91,
BloodImage_00304.jpg; 0 405 59 480,431 392 527 480,112 362 224 475,250 333 370 453,482 293 596 407,552 300 640 474,0 275 71 367,355 263 477 384,597 74 640 154,496 59 589 152,8 47 205 243,264 6 518 260,437 0 535 92,357 0 431 40,
BloodImage_00305.jpg; 573 424 640 480,0 381 174 480,408 398 502 480,178 407 254 480,334 338 415 418,438 294 538 394,26 282 122 378,187 250 305 368,305 176 405 276,436 167 498 229,427 163 560 296,0 124 105 302,535 122 640 275,338 57 458 177,51 74 304 328,274 61 361 147,536 0 640 107,414 0 530 105,300 0 409 69,0 0 95 49,
BloodImage_00307.jpg; 567 420 640 480,411 401 512 480,89 372 206 480,232 367 315 451,362 366 440 445,601 319 640 388,260 291 373 403,0 279 90 402,390 218 500 328,0 224 42 287,203 160 317 275,76 143 189 256,544 154 640 288,0 107 60 220,325 89 460 224,225 0 297 36,0 0 175 136,
BloodImage_00308.jpg; 540 438 621 480,381 433 460 480,76 417 145 480,505 321 598 414,383 294 498 408,23 249 213 439,567 222 640 316,276 205 401 330,0 177 84 279,474 156 585 267,188 119 282 214,73 91 179 197,0 53 78 162,503 37 640 202,275 6 489 220,462 0 535 41,133 0 225 67,
BloodImage_00309.jpg; 283 374 468 480,121 355 235 470,585 319 640 424,404 299 542 437,222 285 313 376,598 200 640 278,482 196 600 314,128 131 354 357,354 167 495 308,392 0 577 164,0 0 289 479,
BloodImage_00310.jpg; 261 441 336 480,368 404 451 480,568 401 640 480,131 352 266 480,33 327 128 422,583 289 640 381,434 287 555 408,0 174 76 274,369 168 511 310,103 141 277 315,298 27 474 202,495 0 640 184,139 0 282 129,0 0 139 99,
BloodImage_00311.jpg; 389 428 450 480,73 422 164 480,447 389 530 473,323 357 393 426,517 341 640 475,197 344 313 460,410 263 518 371,4 270 159 424,555 242 640 359,113 234 211 332,0 185 64 252,402 179 496 272,428 81 528 181,225 24 369 168,29 12 210 194,538 0 614 44,447 0 529 78,322 0 390 40,
BloodImage_00312.jpg; 0 396 71 480,454 387 554 480,556 345 640 474,0 304 70 397,489 299 577 387,107 203 193 289,331 178 403 250,0 170 93 296,536 143 626 233,374 124 562 312,158 28 420 290,27 38 196 207,477 10 610 142,436 0 529 47,157 0 231 36,
BloodImage_00313.jpg; 425 380 526 480,600 283 640 341,411 250 517 356,0 165 226 423,207 195 265 253,360 141 472 253,552 120 640 238,32 105 122 195,138 91 241 194,447 81 549 183,0 71 45 162,270 57 408 195,538 12 625 99,432 0 531 50,347 0 422 61,84 0 284 140,
BloodImage_00314.jpg; 571 438 639 480,0 424 99 480,243 360 334 450,338 342 465 470,427 325 585 480,63 265 213 414,260 239 369 348,478 189 630 341,199 172 275 248,0 136 116 310,350 97 493 239,109 93 267 252,577 0 640 65,515 0 605 88,411 0 553 136,0 0 98 91,
BloodImage_00315.jpg; 39 432 132 480,497 412 609 480,438 297 531 391,183 258 283 358,549 261 640 429,282 167 463 348,0 181 127 335,556 123 640 214,154 94 312 252,24 62 134 171,327 0 566 218,443 0 533 52,239 0 342 98,111 0 239 95,
BloodImage_00317.jpg; 388 432 464 480,221 400 320 480,0 377 97 480,125 372 209 455,533 368 628 463,436 343 535 441,329 312 416 399,65 217 297 448,353 204 468 320,481 189 579 288,0 186 104 339,538 162 640 335,118 142 221 244,50 106 135 191,120 28 222 130,0 28 52 130,216 0 505 275,198 0 288 77,44 0 137 48,
BloodImage_00318.jpg; 523 426 587 480,405 391 520 480,504 340 562 398,0 322 147 480,585 327 640 421,0 269 67 344,101 253 205 357,502 182 624 304,0 167 46 243,222 97 389 263,67 103 198 235,476 57 640 237,380 73 473 167,260 27 347 114,567 0 640 66,444 0 546 80,97 0 260 137,0 0 129 73,
BloodImage_00319.jpg; 341 417 433 480,42 430 121 480,144 393 225 474,413 385 502 475,0 377 61 470,183 275 348 440,587 284 640 381,406 247 511 352,0 182 167 357,0 182 53 266,465 100 555 190,231 62 490 322,0 62 55 149,53 2 227 175,434 0 640 184,301 0 387 42,88 0 307 205,
BloodImage_00320.jpg; 92 438 170 480,215 397 357 480,0 388 74 474,382 352 567 480,142 327 245 431,357 254 464 360,0 214 147 367,138 135 316 313,0 99 62 187,509 76 640 252,362 49 537 224,260 30 384 154,327 0 396 41,89 0 247 137,
BloodImage_00322.jpg; 525 441 599 480,0 429 56 480,358 422 449 480,168 342 314 480,130 265 238 374,0 245 96 374,573 240 640 339,110 148 214 251,216 99 395 278,531 88 640 218,413 65 534 185,0 57 112 202,365 0 455 80,230 0 328 85,0 0 80 58,
BloodImage_00323.jpg; 243 419 316 480,0 343 143 480,351 325 460 434,476 270 640 448,398 244 529 375,283 78 476 270,426 80 535 190,514 52 640 213,0 0 418 480,456 0 529 60,321 0 433 70,221 0 325 77,
BloodImage_00324.jpg; 490 433 579 480,91 384 171 464,20 326 133 438,252 290 487 480,465 225 640 412,126 203 306 382,341 187 464 310,580 184 640 283,197 99 311 212,340 66 435 161,196 60 265 130,0 58 114 268,296 11 411 127,406 8 494 97,528 0 640 113,63 0 223 116,
BloodImage_00325.jpg; 26 416 119 480,482 370 580 468,222 341 380 480,339 331 394 386,138 310 233 405,0 255 76 336,70 227 175 333,372 215 480 323,138 102 284 247,0 101 105 277,384 73 596 285,518 0 640 92,368 0 520 110,217 0 295 70,80 0 211 88,
BloodImage_00326.jpg; 533 416 614 480,0 358 92 480,87 306 262 480,434 272 521 359,310 180 441 310,542 190 640 368,0 116 192 317,469 108 578 216,381 73 491 184,72 29 282 239,540 31 631 121,0 3 92 124,342 0 440 65,124 0 245 105,
BloodImage_00327.jpg; 257 441 328 480,0 395 64 480,491 365 603 478,102 349 241 480,590 323 640 399,328 291 537 480,145 254 279 388,500 180 640 321,268 171 373 276,0 135 172 349,368 104 465 201,146 72 271 197,440 30 620 211,36 26 126 116,265 13 338 86,502 0 580 39,368 0 458 49,173 0 286 85,0 0 52 45,
BloodImage_00329.jpg; 388 425 471 480,436 353 570 480,204 337 323 456,0 321 96 461,543 296 640 413,278 256 377 355,374 192 541 359,599 177 640 255,475 128 553 207,553 112 640 204,0 45 269 326,251 90 352 191,364 60 480 176,520 0 631 93,351 0 456 66,122 0 273 96,0 0 104 89,
BloodImage_00330.jpg; 59 432 150 480,499 381 615 480,0 376 40 455,44 338 127 420,153 308 293 448,309 266 419 376,0 217 100 334,172 208 256 292,261 137 348 224,0 130 68 212,470 125 640 378,345 91 506 253,0 24 46 111,410 0 598 145,226 0 396 117,18 0 246 217,
BloodImage_00331.jpg; 146 412 217 480,0 356 47 427,486 333 640 480,342 322 448 428,443 278 534 369,196 286 272 363,29 248 193 412,368 208 451 291,134 203 226 295,597 187 640 265,429 110 603 285,183 112 271 200,0 78 117 259,252 23 423 194,149 7 253 111,493 0 640 160,5 0 73 53,
BloodImage_00332.jpg; 322 431 379 480,450 418 541 480,589 401 640 480,0 333 64 424,94 314 260 480,427 301 539 413,573 275 640 367,49 264 141 356,0 161 117 295,160 103 275 217,462 43 640 273,0 38 71 147,73 15 189 131,304 0 551 217,266 0 366 98,168 0 290 82,
BloodImage_00333.jpg; 159 432 234 480,598 404 640 479,24 314 173 463,219 322 312 415,512 316 599 403,338 278 506 446,63 237 149 324,0 218 31 271,548 212 640 366,93 158 171 236,160 154 281 275,348 78 562 293,0 85 90 188,140 49 233 142,340 30 476 166,537 36 640 141,204 0 286 49,12 0 169 84,
BloodImage_00334.jpg; 0 416 90 480,362 401 485 480,514 396 598 480,98 358 222 480,549 310 640 412,205 307 285 386,412 292 533 413,546 206 633 293,0 196 52 271,0 165 193 362,457 89 578 209,147 101 249 202,20 7 147 134,323 0 640 200,228 0 335 65,119 0 194 37,
BloodImage_00335.jpg; 0 357 150 480,135 329 284 479,410 307 468 365,544 250 623 329,42 239 165 362,226 231 306 311,372 211 441 279,0 179 48 273,417 157 502 241,140 82 345 286,491 42 640 249,267 10 353 96,343 0 470 118,100 0 265 140,0 0 98 79,
BloodImage_00336.jpg; 274 442 347 480,4 437 86 480,490 406 583 480,58 371 166 479,369 314 487 433,541 297 640 407,135 298 228 391,231 228 349 346,74 177 221 324,443 172 558 287,0 155 75 255,305 86 457 238,72 86 157 170,502 38 623 160,391 49 515 173,0 35 79 116,161 34 298 172,579 0 640 47,134 0 213 41,
BloodImage_00337.jpg; 276 430 355 480,386 411 465 480,525 401 634 480,0 405 61 480,546 297 624 375,0 270 115 385,343 234 519 410,31 124 189 282,279 60 439 220,0 63 49 151,485 62 612 189,126 14 275 163,473 0 557 57,258 0 406 83,63 0 163 82,0 0 46 44,
BloodImage_00338.jpg; 106 409 207 480,491 369 640 480,0 346 113 480,600 312 640 389,89 263 234 408,293 198 432 336,475 177 593 295,96 129 276 309,466 85 551 170,310 65 445 201,22 65 159 203,0 44 59 132,163 0 295 120,
BloodImage_00339.jpg; 276 437 338 480,493 426 580 480,381 383 471 473,37 379 149 480,153 336 260 442,502 266 640 411,157 243 245 330,13 191 168 346,426 157 555 285,572 155 640 249,28 51 118 141,305 32 411 138,448 0 640 190,410 0 514 83,131 0 363 229,93 0 188 90,
BloodImage_00340.jpg; 486 432 550 480,107 407 220 480,25 418 89 480,563 351 640 448,131 317 235 421,168 218 274 323,78 210 165 297,0 208 35 279,597 207 640 278,444 156 567 280,231 152 339 259,63 106 158 200,165 64 254 153,0 64 44 150,412 51 507 147,543 27 640 126,308 0 406 64,170 0 251 41,85 0 157 70,16 0 98 65,
BloodImage_00341.jpg; 331 413 403 480,209 412 292 480,64 381 174 480,565 378 640 480,345 351 447 454,155 333 247 426,452 279 595 422,63 269 176 382,149 192 242 286,44 141 139 236,66 57 145 137,560 0 640 87,422 0 564 123,343 0 445 91,192 0 266 37,4 0 116 57,
BloodImage_00342.jpg; 226 420 295 480,497 419 573 480,379 413 472 480,59 397 150 480,0 338 55 416,582 316 640 409,473 314 561 402,89 309 194 414,321 256 424 360,600 117 640 194,392 106 614 329,55 80 149 175,327 16 416 105,531 0 640 106,207 0 297 74,0 0 71 65,
BloodImage_00343.jpg; 0 399 78 480,439 401 521 480,64 360 221 480,269 324 427 480,544 305 634 396,235 208 386 359,424 199 613 388,365 178 475 287,108 157 211 260,0 85 45 173,118 38 217 136,527 14 619 106,17 12 146 141,395 0 535 129,212 0 276 51,
BloodImage_00344.jpg; 62 433 153 480,398 389 510 480,267 398 352 480,512 363 640 480,7 349 90 432,84 337 189 443,351 302 439 390,35 250 90 305,421 207 546 332,563 188 610 235,531 180 610 259,81 138 180 238,400 97 511 207,590 112 640 208,0 110 36 163,0 18 49 85,25 17 145 137,505 0 593 43,357 0 471 108,
BloodImage_00345.jpg; 45 436 130 480,139 371 221 453,314 376 412 474,0 360 50 443,392 289 473 370,75 280 218 424,213 270 320 376,583 267 640 341,0 222 80 315,269 167 379 276,57 175 147 265,382 132 480 229,183 79 283 179,453 22 640 210,298 12 423 137,469 0 555 49,13 0 182 155,
BloodImage_00346.jpg; 358 375 442 458,19 371 104 456,563 363 640 452,0 337 38 412,436 258 512 334,394 259 576 442,146 209 245 309,0 197 44 286,596 173 640 256,304 144 428 268,43 122 164 243,500 106 603 208,409 72 496 160,139 49 245 155,223 49 304 131,497 0 606 83,328 0 429 80,247 0 310 33,150 0 222 38,39 0 121 74,
BloodImage_00347.jpg; 91 410 192 480,0 393 78 480,557 358 640 478,133 274 252 393,264 221 368 324,15 240 121 346,0 226 60 313,122 202 207 288,564 185 640 285,455 177 563 284,590 138 640 190,0 143 34 202,237 114 325 202,399 98 496 194,0 71 60 146,64 51 168 156,520 7 600 88,456 0 539 59,313 0 432 111,197 0 298 98,
BloodImage_00348.jpg; 96 417 189 480,312 389 374 451,384 384 499 480,220 361 308 449,0 338 110 458,475 295 640 480,325 236 449 361,8 162 207 360,0 140 48 226,443 134 597 287,376 106 484 214,292 106 373 187,560 97 640 199,28 0 277 233,467 0 596 74,365 0 480 103,
BloodImage_00349.jpg; 443 356 540 453,91 357 215 480,0 357 73 449,590 305 640 399,114 260 207 353,1 250 105 355,148 182 236 269,0 170 36 229,268 118 354 205,392 54 477 140,220 48 322 150,582 17 640 101,0 0 74 81,398 0 640 289,316 0 406 67,65 0 191 77,
BloodImage_00350.jpg; 463 355 612 480,0 358 80 480,379 346 514 480,276 226 336 286,58 203 120 265,160 175 223 238,349 113 477 241,258 104 339 186,3 103 99 200,589 74 640 132,330 0 416 83,225 0 304 39,0 0 219 182,
BloodImage_00351.jpg; 157 428 240 480,0 391 62 479,378 358 504 480,516 358 621 463,206 293 283 371,5 235 176 406,318 141 411 235,120 112 220 212,217 85 298 167,0 78 36 146,597 63 640 140,467 34 568 136,54 35 145 125,309 0 448 137,469 0 548 40,222 0 305 72,
BloodImage_00352.jpg; 201 428 260 480,377 428 462 480,0 372 52 473,50 358 136 444,67 308 236 476,0 262 42 342,202 221 346 365,45 197 143 295,113 196 218 302,514 141 590 217,601 130 640 203,336 106 452 222,47 98 138 188,324 18 418 111,535 0 640 112,419 0 492 46,80 0 222 116,0 0 56 80,
BloodImage_00353.jpg; 525 431 599 480,0 414 45 480,59 339 160 441,187 326 284 423,602 302 640 369,0 248 78 350,188 211 273 295,549 205 639 295,279 184 539 444,90 153 210 273,0 153 81 257,217 90 322 196,44 50 139 146,326 44 429 147,455 41 591 177,575 0 640 54,150 0 268 105,0 0 54 43,
BloodImage_00354.jpg; 267 428 363 480,0 428 57 480,415 379 508 471,545 365 640 465,217 332 341 456,103 341 181 418,73 306 145 377,460 292 557 389,0 257 63 358,475 167 570 262,359 155 473 269,144 156 326 337,58 90 150 182,561 98 640 196,0 68 68 169,374 50 463 139,199 34 275 111,108 21 197 110,571 0 640 51,459 0 572 100,0 0 91 75,
BloodImage_00355.jpg; 179 429 271 480,350 434 433 480,55 420 147 480,505 403 595 480,602 374 640 445,366 238 542 414,48 253 196 401,188 233 314 359,590 206 640 286,280 180 375 274,424 158 489 223,39 142 135 237,498 108 586 196,0 92 51 165,434 57 503 126,260 51 379 170,72 27 181 136,502 0 640 137,340 0 436 71,
BloodImage_00356.jpg; 110 442 181 480,430 420 509 480,57 364 138 445,569 336 640 473,289 317 387 416,450 294 595 439,596 208 640 286,380 186 482 287,0 191 120 313,507 163 598 254,88 110 195 217,369 83 495 209,591 25 640 88,37 17 120 100,488 10 574 97,163 12 353 203,332 0 425 69,132 0 229 93,0 0 40 69,
BloodImage_00357.jpg; 392 422 504 480,88 410 161 480,240 405 330 480,555 394 640 480,343 359 421 436,441 304 563 426,163 291 258 386,4 264 82 342,234 233 398 396,573 185 640 288,89 180 192 283,154 166 252 264,6 97 113 204,410 90 530 211,541 19 633 111,156 0 312 133,394 0 502 71,0 0 62 94,
BloodImage_00359.jpg; 562 432 639 480,128 421 188 480,338 381 427 470,232 359 322 450,523 291 614 381,388 283 480 374,232 235 314 317,487 233 551 297,35 228 217 411,367 185 456 274,0 156 116 307,229 117 344 231,135 79 210 154,326 81 426 182,31 81 114 165,535 44 640 160,429 40 503 114,228 24 314 110,300 0 388 62,146 0 234 63,
BloodImage_00360.jpg; 221 396 325 480,535 416 630 480,140 409 217 480,0 349 38 425,463 328 552 417,155 290 238 373,46 258 137 349,0 251 35 321,523 176 640 327,441 178 551 287,206 153 292 239,292 106 390 204,394 82 520 208,61 81 145 165,217 63 306 153,0 22 80 153,414 0 529 73,248 0 388 95,
BloodImage_00361.jpg; 238 427 312 480,34 391 121 479,480 357 562 439,49 320 128 398,572 305 640 381,127 280 235 387,0 275 38 351,509 271 583 345,589 216 640 290,466 170 541 245,152 149 322 319,0 97 78 235,242 57 435 250,101 23 238 160,470 0 607 130,154 0 233 40,0 0 94 95,
BloodImage_00362.jpg; 410 441 485 480,492 411 573 480,32 340 193 480,568 346 635 413,221 288 301 368,134 275 193 334,129 256 207 334,253 166 334 248,0 151 54 235,97 141 184 229,333 100 640 445,508 36 640 193,0 0 237 177,511 0 600 44,
BloodImage_00364.jpg; 513 422 594 480,343 408 455 480,0 297 169 476,200 294 313 406,573 306 640 389,424 165 640 387,154 213 251 310,262 118 438 294,522 128 599 205,0 112 65 240,52 109 172 229,191 108 268 185,362 34 483 155,442 0 509 41,332 0 458 116,38 0 225 129,
BloodImage_00365.jpg; 312 385 424 480,0 384 67 459,593 353 640 432,208 344 292 428,429 313 527 412,222 270 272 319,312 261 400 349,77 217 244 385,526 185 625 284,384 169 524 309,283 90 402 208,533 112 617 196,0 104 137 261,155 93 264 203,255 29 334 107,596 24 640 108,394 0 483 53,206 0 263 37,136 0 222 84,
BloodImage_00366.jpg; 94 439 173 480,582 425 640 480,212 420 305 480,376 365 458 448,141 355 222 435,538 313 640 426,340 267 427 355,450 248 553 351,73 228 232 387,49 201 133 285,540 167 640 274,352 131 452 231,0 110 125 259,150 86 235 171,473 53 585 165,581 45 640 140,76 23 145 93,362 3 472 114,206 0 305 68,
BloodImage_00367.jpg; 287 375 384 472,399 368 476 445,510 345 614 449,0 351 40 405,442 190 640 397,33 237 204 408,285 182 451 349,423 148 523 249,495 128 596 229,592 123 640 210,306 67 395 156,0 23 221 254,401 30 494 123,536 0 640 105,221 0 317 86,120 0 213 54,
BloodImage_00368.jpg; 565 433 639 480,380 430 477 480,547 355 640 449,269 355 376 463,451 347 551 447,72 350 180 457,148 331 243 426,600 309 640 374,311 295 391 375,0 267 130 414,0 244 48 302,374 216 498 340,509 166 640 299,250 172 359 282,100 142 227 269,0 126 45 210,571 97 640 172,354 58 511 215,582 0 640 66,440 0 597 118,287 0 424 101,218 0 305 59,108 0 250 134,50 0 134 61,
BloodImage_00369.jpg; 0 416 103 480,249 420 333 480,411 379 512 479,9 345 109 445,138 317 257 435,20 253 114 346,509 250 640 386,0 175 96 284,167 114 325 271,338 129 498 289,0 6 208 218,397 38 484 124,596 6 640 89,433 0 600 151,296 0 406 104,176 0 285 59,
BloodImage_00370.jpg; 97 417 200 480,369 365 460 456,156 359 241 445,449 359 586 480,239 334 347 442,41 332 127 419,466 276 546 355,551 299 640 403,105 260 194 348,507 204 599 297,38 172 121 255,274 167 447 339,486 118 585 217,148 97 301 249,22 70 119 167,584 63 640 165,491 0 605 109,316 0 464 132,81 0 176 68,
BloodImage_00371.jpg; 345 440 421 480,243 429 322 480,50 381 128 460,529 380 640 480,18 292 98 371,177 274 323 419,385 232 502 349,536 208 634 306,54 163 193 302,198 113 363 279,227 65 338 176,0 41 108 174,400 31 539 171,503 0 629 115,34 0 264 146,
BloodImage_00372.jpg; 392 423 472 480,487 388 578 479,278 369 374 465,71 290 257 475,570 353 640 479,415 301 509 396,142 252 239 350,505 219 604 318,290 184 399 293,146 136 252 242,267 101 350 184,554 95 640 225,368 68 469 168,0 54 51 149,342 0 432 70,165 0 318 124,
BloodImage_00374.jpg; 104 380 216 480,502 344 596 437,17 336 103 422,198 294 376 472,403 313 495 405,555 236 640 330,447 206 539 299,12 159 190 337,533 134 624 225,0 107 76 191,380 106 516 243,248 99 349 201,28 32 118 121,440 0 569 94,99 0 237 118,0 0 37 64,
BloodImage_00375.jpg; 402 395 508 480,0 329 140 480,254 299 345 390,437 302 525 389,181 302 265 386,481 279 640 457,86 251 173 338,334 198 427 291,574 175 640 242,422 146 565 288,210 163 331 284,113 125 204 216,16 118 97 199,478 39 640 207,48 18 165 136,245 0 406 157,
BloodImage_00376.jpg; 206 417 271 480,158 399 227 467,45 371 168 480,179 303 261 385,329 298 404 374,1 234 131 364,280 204 364 288,373 175 477 278,500 159 640 301,78 109 300 331,80 114 168 202,463 87 549 173,275 74 372 170,574 64 640 152,517 0 640 94,49 0 174 108,0 0 45 76,
BloodImage_00377.jpg; 474 445 541 480,0 403 55 480,370 391 463 480,8 290 104 387,337 269 449 380,466 247 559 340,244 224 318 298,336 108 506 278,258 77 341 159,64 63 267 266,402 0 587 155,324 0 398 42,163 0 257 65,
BloodImage_00378.jpg; 569 404 640 480,64 378 164 479,0 360 79 480,484 295 608 419,325 235 480 390,129 236 220 327,592 229 640 291,35 222 124 310,272 180 355 263,433 167 577 312,179 130 256 207,0 56 157 245,254 53 378 176,468 50 576 159,354 0 454 94,577 0 640 68,479 0 558 40,152 0 226 61,42 0 137 72,
BloodImage_00379.jpg; 309 426 404 480,589 340 640 438,403 322 524 443,516 315 601 399,0 283 98 420,96 281 224 409,344 212 495 363,93 171 204 281,0 175 53 278,246 139 382 275,493 161 596 264,589 127 640 208,151 97 228 174,8 76 119 187,288 64 368 145,599 37 640 97,440 31 525 115,312 0 413 50,176 0 285 92,88 0 146 39,
BloodImage_00381.jpg; 576 420 640 480,405 426 481 480,280 418 379 480,477 348 569 440,323 315 409 401,214 285 304 375,584 297 640 389,411 240 532 361,544 171 639 266,220 173 314 267,0 109 169 302,373 96 531 254,143 78 254 189,588 64 640 161,234 9 402 176,461 0 616 110,241 0 319 46,0 0 177 155,
BloodImage_00382.jpg; 430 387 554 480,284 381 375 472,145 376 238 468,0 355 58 436,558 337 640 466,44 278 137 372,323 274 450 400,210 263 333 386,446 254 541 350,130 228 220 318,595 214 640 276,525 165 578 218,413 137 520 243,0 123 83 221,74 57 164 147,174 45 383 254,216 38 270 92,401 19 523 141,331 0 423 62,170 0 256 43,58 0 144 53,
BloodImage_00383.jpg; 145 435 203 480,0 353 86 450,410 347 512 449,77 271 157 350,533 220 626 314,64 161 155 252,398 97 499 199,87 79 197 189,0 49 98 161,318 0 411 73,
BloodImage_00384.jpg; 571 382 640 480,116 357 223 465,328 341 425 438,325 321 447 442,192 267 294 369,289 211 389 311,542 107 640 211,312 99 412 199,444 96 550 203,121 95 211 185,363 0 466 96,99 0 189 64,
BloodImage_00385.jpg; 137 435 209 480,0 378 93 475,447 327 599 480,133 327 219 413,578 309 640 402,20 260 116 356,297 224 394 321,155 213 244 302,428 197 515 285,89 153 164 228,0 125 39 204,276 104 382 211,582 91 640 174,295 38 388 131,99 25 200 126,494 0 592 93,378 0 469 75,4 0 98 93,
BloodImage_00386.jpg; 50 419 142 480,171 409 255 480,442 401 530 480,283 380 374 471,315 365 403 453,141 322 207 389,0 314 105 420,483 246 582 345,0 225 51 283,355 201 434 280,458 152 560 253,336 94 438 196,0 105 90 205,204 86 289 170,449 41 536 129,534 27 638 132,336 0 434 93,58 0 146 46,
BloodImage_00387.jpg; 24 419 116 480,469 399 573 480,510 354 618 462,63 267 169 373,553 256 640 353,463 218 540 295,455 218 544 307,0 198 37 264,157 155 271 269,520 155 608 243,0 84 105 191,531 44 640 172,366 54 428 116,271 54 382 164,424 24 535 135,354 0 433 64,72 0 164 82,0 0 48 76,
BloodImage_00388.jpg; 464 419 542 480,291 380 388 477,0 350 36 424,187 325 285 423,57 293 148 384,348 275 464 391,138 231 250 344,0 216 62 320,413 165 527 279,115 128 224 237,402 38 497 133,586 31 640 117,482 0 560 40,
BloodImage_00389.jpg; 335 439 413 480,569 404 640 480,413 374 510 471,202 374 291 463,0 306 71 391,101 210 204 313,0 191 116 334,563 199 640 299,311 82 406 177,10 0 204 186,170 0 287 111,
BloodImage_00390.jpg; 342 399 438 480,0 391 79 478,576 386 640 464,364 256 434 327,159 229 236 306,48 212 143 307,552 134 640 238,217 122 334 239,332 59 460 188,497 47 612 162,121 0 219 48,
BloodImage_00391.jpg; 79 429 167 480,197 416 282 480,470 408 557 480,317 373 418 474,161 322 250 411,22 320 128 426,509 254 610 355,13 231 77 295,383 209 464 291,299 151 376 228,485 161 588 264,361 103 466 208,8 108 117 216,218 96 328 207,479 46 570 136,561 35 640 140,362 0 460 99,85 0 174 46,
BloodImage_00392.jpg; 405 371 506 472,289 367 389 466,511 331 607 426,280 278 391 389,120 239 217 337,554 223 640 315,382 126 491 236,0 66 162 253,498 60 626 188,301 30 385 114,420 0 508 60,194 0 297 80,63 0 163 50,
BloodImage_00393.jpg; 391 440 468 480,280 407 370 480,599 390 640 469,0 382 79 472,401 300 511 410,0 276 45 367,144 240 265 361,12 184 116 288,109 127 210 228,601 94 640 167,361 24 466 130,131 17 232 118,534 20 612 98,264 12 371 119,0 15 42 99,
BloodImage_00395.jpg; 387 433 479 480,100 421 193 480,521 381 619 479,0 322 91 416,280 317 407 444,165 306 290 431,400 298 496 394,85 271 175 361,554 236 640 362,480 207 532 259,369 180 475 287,0 173 47 262,31 101 121 192,171 82 225 137,356 65 478 187,13 12 98 97,282 11 379 107,583 0 640 53,448 0 536 44,114 0 217 74,
BloodImage_00396.jpg; 441 438 482 479,520 394 640 480,0 399 43 479,345 354 448 457,223 329 312 417,97 324 214 441,549 291 640 385,0 289 79 378,438 279 530 371,167 249 255 337,586 185 640 272,0 164 109 282,121 152 208 240,480 118 580 218,399 65 491 157,291 32 378 118,0 24 141 170,477 8 567 98,394 0 477 45,223 0 291 65,132 0 232 69,
BloodImage_00397.jpg; 549 370 636 457,439 342 529 431,50 315 194 459,232 251 329 348,445 228 539 322,594 203 640 287,217 165 315 263,60 163 187 291,0 158 61 253,369 36 628 296,206 15 399 207,28 39 137 148,141 26 219 104,467 11 563 108,585 0 640 61,373 0 460 51,191 0 266 68,0 0 43 70,
BloodImage_00398.jpg; 319 443 390 480,31 376 165 480,461 381 554 474,180 350 276 447,563 339 640 449,289 309 395 415,0 266 93 367,217 248 297 328,346 229 425 309,418 145 635 362,285 136 378 228,82 119 179 216,411 68 523 181,0 60 44 145,140 13 347 220,360 16 435 92,484 0 565 61,
BloodImage_00400.jpg; 412 439 492 480,262 440 334 480,74 399 161 480,479 364 575 459,226 328 317 419,0 326 87 440,596 319 640 402,137 296 209 368,308 300 411 402,136 296 219 379,589 217 640 296,374 214 454 295,462 166 589 293,49 159 177 288,401 104 497 200,0 110 75 226,88 0 322 226,41 5 138 103,498 0 590 54,370 0 477 96,
BloodImage_00402.jpg; 431 435 516 480,345 391 433 480,166 378 254 466,0 361 120 480,96 340 174 418,186 284 265 363,227 267 359 399,346 203 525 383,5 170 106 270,108 137 257 286,532 53 640 168,17 52 105 139,261 0 547 270,526 0 603 38,317 0 388 35,168 0 334 148,84 0 167 41,
BloodImage_00403.jpg; 16 385 91 459,76 370 177 471,408 338 602 480,228 355 307 435,15 280 102 368,459 189 570 301,361 172 445 256,0 141 113 295,312 113 456 258,242 110 317 186,0 23 74 112,468 0 640 199,348 0 476 66,212 0 340 102,123 0 214 70,
BloodImage_00404.jpg; 293 433 384 480,477 419 596 480,198 366 272 440,282 356 355 429,0 308 102 455,347 256 527 435,405 182 522 298,578 181 640 266,0 132 169 332,543 79 640 176,425 64 527 166,250 49 347 147,0 9 66 106,485 0 583 48,319 0 408 63,202 0 289 68,
BloodImage_00405.jpg; 207 421 314 480,293 345 392 444,151 332 250 431,65 317 153 404,365 273 512 421,181 220 357 397,519 215 603 298,0 211 63 312,370 151 478 259,481 88 640 258,113 72 264 223,156 10 235 88,311 11 439 140,588 0 640 76,246 0 337 80,62 0 146 41,
BloodImage_00407.jpg; 386 442 449 480,34 355 133 453,231 306 362 437,467 290 640 476,310 240 446 377,188 264 276 352,96 257 255 416,39 171 130 263,602 178 640 240,169 111 290 232,448 89 606 247,342 63 444 166,20 41 118 139,585 24 640 106,172 0 282 98,
BloodImage_00408.jpg; 549 322 640 436,184 313 344 474,26 281 237 480,0 183 82 267,507 154 640 331,321 138 469 287,122 120 221 219,292 59 381 148,396 43 528 174,0 33 144 187,479 0 559 63,303 0 378 56,199 0 284 71,95 0 189 84,
BloodImage_00409.jpg; 539 430 627 480,568 400 640 476,512 304 612 403,385 260 491 366,262 245 362 345,576 248 640 370,5 237 124 356,523 181 606 263,0 177 43 261,330 132 482 285,73 116 159 202,437 88 540 191,169 73 317 221,0 1 108 151,533 0 639 100,449 0 541 74,216 0 365 82,
BloodImage_00410.jpg; 358 387 438 467,471 387 593 480,0 339 79 451,101 302 236 437,317 272 398 352,0 173 116 316,301 99 453 251,494 43 619 168,0 46 62 143,145 36 201 91,495 0 582 44,221 0 375 151,36 0 205 119,
